Africa1.jpg:[0.6, 0.9, 1.0, 1.0, 1.0]
Africa10.jpg:[0.9, 1.0, 1.0, 1.0, 1.0]
Africa100.jpg:[1.0, 1.0, 1.0, 1.0, 1.0]
Africa11.jpg:[0.6, 0.9, 1.0, 0.9, 1.0]
Africa12.jpg:[0.7, 1.0, 1.0, 1.0, 1.0]
Africa13.jpg:[0.8, 1.0, 1.0, 1.0, 1.0]
Africa14.jpg:[0.6, 0.9, 1.0, 1.0, 1.0]
Africa15.jpg:[0.6, 0.9, 1.0, 1.0, 1.0]
Africa16.jpg:[0.7, 0.9, 0.9, 0.9, 1.0]
Africa17.jpg:[1.0, 1.0, 1.0, 1.0, 1.0]
Africa18.jpg:[0.1, 0.2, 0.7, 0.8, 0.9]
Africa19.jpg:[0.8, 1.0, 1.0, 1.0, 1.0]
Africa2.jpg:[0.6, 0.8, 1.0, 1.0, 0.9]
Africa20.jpg:[0.8, 1.0, 1.0, 1.0, 1.0]
Africa21.jpg:[0.9, 0.8, 0.9, 0.9, 0.9]
Africa22.jpg:[0.9, 1.0, 1.0, 1.0, 0.9]
Africa23.jpg:[1.0, 1.0, 0.9, 1.0, 1.0]
Africa24.jpg:[0.4, 0.8, 0.9, 1.0, 0.9]
Africa25.jpg:[0.4, 0.9, 1.0, 1.0, 1.0]
Africa26.jpg:[0.7, 0.9, 0.9, 0.9, 1.0]
Africa27.jpg:[1.0, 1.0, 1.0, 1.0, 1.0]
Africa28.jpg:[0.2, 0.3, 0.5, 1.0, 1.0]
Africa29.jpg:[0.2, 0.3, 0.3, 0.4, 0.5]
Africa3.jpg:[0.7, 0.9, 0.9, 0.9, 0.9]
Africa30.jpg:[0.8, 0.8, 0.9, 1.0, 1.0]
Africa31.jpg:[0.8, 1.0, 1.0, 1.0, 1.0]
Africa32.jpg:[0.7, 1.0, 1.0, 1.0, 1.0]
Africa33.jpg:[0.9, 1.0, 1.0, 1.0, 1.0]
Africa34.jpg:[0.5, 0.8, 0.9, 0.9, 1.0]
Africa35.jpg:[0.9, 1.0, 1.0, 1.0, 1.0]
Africa36.jpg:[0.9, 1.0, 1.0, 1.0, 1.0]
Africa37.jpg:[0.8, 1.0, 1.0, 0.9, 1.0]
Africa38.jpg:[0.8, 1.0, 1.0, 1.0, 1.0]
Africa39.jpg:[0.5, 1.0, 0.9, 0.9, 1.0]
Africa4.jpg:[0.9, 1.0, 1.0, 1.0, 1.0]
Africa40.jpg:[0.5, 0.8, 1.0, 1.0, 1.0]
Africa41.jpg:[0.9, 1.0, 1.0, 1.0, 1.0]
Africa42.jpg:[0.7, 1.0, 1.0, 1.0, 1.0]
Africa43.jpg:[0.7, 0.9, 1.0, 1.0, 1.0]
Africa44.jpg:[0.7, 1.0, 1.0, 1.0, 1.0]
Africa45.jpg:[0.4, 0.9, 1.0, 1.0, 1.0]
Africa46.jpg:[0.8, 0.9, 1.0, 1.0, 1.0]
Africa47.jpg:[0.9, 1.0, 0.9, 0.9, 0.9]
Africa48.jpg:[0.7, 1.0, 1.0, 1.0, 1.0]
Africa49.jpg:[0.5, 0.8, 0.9, 1.0, 1.0]
Africa5.jpg:[1.0, 0.9, 1.0, 1.0, 1.0]
Africa50.jpg:[0.6, 0.9, 1.0, 1.0, 1.0]
Africa51.jpg:[0.9, 1.0, 1.0, 1.0, 1.0]
Africa52.jpg:[1.0, 1.0, 0.9, 1.0, 1.0]
Africa53.jpg:[0.9, 0.9, 0.9, 1.0, 1.0]
Africa54.jpg:[1.0, 1.0, 1.0, 1.0, 1.0]
Africa55.jpg:[0.8, 1.0, 1.0, 1.0, 1.0]
Africa56.jpg:[0.8, 1.0, 1.0, 1.0, 1.0]
Africa57.jpg:[0.9, 1.0, 1.0, 1.0, 1.0]
Africa58.jpg:[0.9, 1.0, 1.0, 1.0, 1.0]
Africa59.jpg:[0.5, 0.8, 0.9, 1.0, 1.0]
Africa6.jpg:[1.0, 1.0, 1.0, 1.0, 1.0]
Africa60.jpg:[0.8, 0.9, 0.9, 1.0, 1.0]
Africa61.jpg:[0.2, 0.9, 0.9, 1.0, 1.0]
Africa62.jpg:[0.8, 1.0, 1.0, 1.0, 1.0]
Africa63.jpg:[0.2, 0.8, 1.0, 1.0, 1.0]
Africa64.jpg:[0.5, 0.8, 0.9, 0.9, 1.0]
Africa65.jpg:[0.7, 1.0, 1.0, 1.0, 1.0]
Africa66.jpg:[0.5, 0.9, 0.8, 1.0, 1.0]
Africa67.jpg:[0.6, 0.9, 1.0, 1.0, 1.0]
Africa68.jpg:[0.9, 1.0, 0.9, 1.0, 1.0]
Africa69.jpg:[0.5, 0.7, 1.0, 1.0, 1.0]
Africa7.jpg:[0.1, 0.2, 0.3, 0.4, 0.4]
Africa70.jpg:[0.2, 0.3, 0.3, 0.4, 0.5]
Africa71.jpg:[0.4, 0.9, 1.0, 1.0, 1.0]
Africa72.jpg:[0.2, 0.2, 0.2, 0.2, 0.2]
Africa73.jpg:[0.3, 0.7, 0.9, 1.0, 1.0]
Africa74.jpg:[0.8, 0.9, 0.9, 0.9, 0.9]
Africa75.jpg:[0.6, 1.0, 1.0, 1.0, 1.0]
Africa76.jpg:[0.5, 0.8, 1.0, 1.0, 1.0]
Africa77.jpg:[0.8, 1.0, 1.0, 1.0, 1.0]
Africa78.jpg:[0.2, 0.2, 0.2, 0.2, 0.2]
Africa79.jpg:[0.4, 0.7, 1.0, 1.0, 1.0]
Africa8.jpg:[0.6, 0.8, 1.0, 1.0, 1.0]
Africa80.jpg:[1.0, 0.9, 0.9, 1.0, 1.0]
Africa81.jpg:[1.0, 1.0, 1.0, 1.0, 1.0]
Africa82.jpg:[0.7, 1.0, 1.0, 1.0, 1.0]
Africa83.jpg:[1.0, 1.0, 0.9, 1.0, 1.0]
Africa84.jpg:[0.8, 0.9, 1.0, 1.0, 1.0]
Africa85.jpg:[0.9, 1.0, 1.0, 1.0, 1.0]
Africa86.jpg:[0.3, 0.3, 0.3, 0.4, 0.5]
Africa87.jpg:[0.8, 1.0, 1.0, 1.0, 1.0]
Africa88.jpg:[0.4, 0.9, 1.0, 1.0, 1.0]
Africa89.jpg:[0.9, 1.0, 1.0, 1.0, 1.0]
Africa9.jpg:[0.8, 0.9, 1.0, 1.0, 1.0]
Africa90.jpg:[0.7, 1.0, 1.0, 1.0, 1.0]
Africa91.jpg:[1.0, 0.9, 1.0, 1.0, 1.0]
Africa92.jpg:[0.9, 0.8, 0.9, 1.0, 1.0]
Africa93.jpg:[0.5, 0.9, 1.0, 1.0, 1.0]
Africa94.jpg:[0.8, 1.0, 1.0, 1.0, 1.0]
Africa95.jpg:[0.9, 1.0, 1.0, 1.0, 1.0]
Africa96.jpg:[0.6, 0.9, 0.9, 0.9, 1.0]
Africa97.jpg:[0.6, 0.9, 0.9, 0.9, 0.9]
Africa98.jpg:[0.1, 0.4, 0.9, 0.9, 0.9]
Africa99.jpg:[0.3, 0.5, 0.7, 1.0, 1.0]
Beach1.jpg:[0.1, 0.1, 0.1, 0.2, 0.2]
Beach10.jpg:[0.1, 0.2, 0.2, 0.2, 0.2]
Beach100.jpg:[0.1, 0.5, 0.5, 0.5, 0.5]
Beach11.jpg:[0.1, 0.3, 0.4, 0.6, 0.5]
Beach12.jpg:[0.2, 0.3, 0.5, 0.5, 0.7]
Beach13.jpg:[0.2, 0.3, 0.3, 0.4, 0.4]
Beach14.jpg:[0.2, 0.3, 0.3, 0.3, 0.4]
Beach15.jpg:[0.1, 0.1, 0.2, 0.2, 0.2]
Beach16.jpg:[0.1, 0.1, 0.2, 0.3, 0.3]
Beach17.jpg:[0.3, 0.3, 0.5, 0.5, 0.6]
Beach18.jpg:[0.2, 0.3, 0.4, 0.7, 0.8]
Beach19.jpg:[0.2, 0.3, 0.4, 0.4, 0.4]
Beach2.jpg:[0.2, 0.3, 0.4, 0.7, 0.8]
Beach20.jpg:[0.2, 0.3, 0.3, 0.4, 0.4]
Beach21.jpg:[0.5, 0.6, 0.7, 0.7, 0.7]
Beach22.jpg:[0.3, 0.4, 0.4, 0.5, 0.5]
Beach23.jpg:[0.4, 0.4, 0.6, 0.6, 0.6]
Beach24.jpg:[0.5, 0.6, 0.7, 0.8, 1.0]
Beach25.jpg:[0.1, 0.1, 0.2, 0.2, 0.2]
Beach26.jpg:[0.3, 0.4, 0.4, 0.4, 0.4]
Beach27.jpg:[0.4, 0.7, 0.8, 0.8, 0.8]
Beach28.jpg:[0.4, 0.7, 0.7, 0.7, 0.7]
Beach29.jpg:[0.1, 0.3, 0.3, 0.4, 0.4]
Beach3.jpg:[0.4, 0.4, 0.5, 0.6, 0.6]
Beach30.jpg:[0.2, 0.3, 0.4, 0.4, 0.4]
Beach31.jpg:[0.2, 0.6, 0.8, 0.8, 0.9]
Beach32.jpg:[0.5, 0.7, 0.8, 0.9, 1.0]
Beach33.jpg:[0.2, 0.3, 0.3, 0.4, 0.4]
Beach34.jpg:[0.2, 0.3, 0.3, 0.5, 0.6]
Beach35.jpg:[0.1, 0.3, 0.3, 0.3, 0.3]
Beach36.jpg:[0.2, 0.4, 0.4, 0.6, 0.6]
Beach37.jpg:[0.2, 0.2, 0.2, 0.4, 0.4]
Beach38.jpg:[0.6, 0.6, 0.6, 0.7, 0.7]
Beach39.jpg:[0.5, 0.5, 0.8, 0.9, 1.0]
Beach4.jpg:[0.4, 0.5, 0.5, 0.6, 0.6]
Beach40.jpg:[0.5, 0.6, 0.8, 0.9, 0.9]
Beach41.jpg:[0.1, 0.1, 0.2, 0.3, 0.4]
Beach42.jpg:[0.1, 0.3, 0.4, 0.5, 0.5]
Beach43.jpg:[0.3, 0.3, 0.4, 0.4, 0.6]
Beach44.jpg:[0.2, 0.4, 0.5, 0.6, 0.7]
Beach45.jpg:[0.1, 0.1, 0.1, 0.2, 0.3]
Beach46.jpg:[0.3, 0.4, 0.5, 0.5, 0.6]
Beach47.jpg:[0.5, 0.6, 0.6, 0.6, 0.6]
Beach48.jpg:[0.2, 0.4, 0.4, 0.5, 0.6]
Beach49.jpg:[0.4, 0.4, 0.4, 0.4, 0.4]
Beach5.jpg:[0.5, 0.5, 0.6, 0.6, 0.6]
Beach50.jpg:[0.3, 0.6, 0.6, 0.7, 0.8]
Beach51.jpg:[0.2, 0.3, 0.3, 0.3, 0.4]
Beach52.jpg:[0.2, 0.3, 0.4, 0.6, 0.6]
Beach53.jpg:[0.6, 0.7, 0.7, 0.7, 0.8]
Beach54.jpg:[0.1, 0.1, 0.2, 0.2, 0.2]
Beach55.jpg:[0.3, 0.5, 0.5, 0.5, 0.6]
Beach56.jpg:[0.3, 0.3, 0.5, 0.7, 0.6]
Beach57.jpg:[0.2, 0.4, 0.5, 0.6, 0.6]
Beach58.jpg:[0.2, 0.3, 0.3, 0.5, 0.5]
Beach59.jpg:[0.6, 0.6, 0.7, 0.7, 0.7]
Beach6.jpg:[0.1, 0.2, 0.2, 0.2, 0.2]
Beach60.jpg:[0.4, 0.6, 0.7, 0.8, 1.0]
Beach61.jpg:[0.1, 0.1, 0.2, 0.4, 0.4]
Beach62.jpg:[0.3, 0.4, 0.6, 0.8, 0.7]
Beach63.jpg:[0.1, 0.2, 0.4, 0.4, 0.4]
Beach64.jpg:[0.5, 0.8, 0.8, 0.8, 0.8]
Beach65.jpg:[0.3, 0.5, 0.5, 0.5, 0.6]
Beach66.jpg:[0.5, 0.4, 0.5, 0.5, 0.6]
Beach67.jpg:[0.2, 0.2, 0.2, 0.2, 0.2]
Beach68.jpg:[0.3, 0.3, 0.3, 0.3, 0.5]
Beach69.jpg:[0.3, 0.3, 0.3, 0.3, 0.3]
Beach7.jpg:[0.1, 0.5, 0.6, 0.6, 0.5]
Beach70.jpg:[0.4, 0.5, 0.6, 0.7, 0.6]
Beach71.jpg:[0.2, 0.2, 0.2, 0.2, 0.2]
Beach72.jpg:[0.4, 0.5, 0.5, 0.5, 0.6]
Beach73.jpg:[0.3, 0.3, 0.3, 0.6, 0.6]
Beach74.jpg:[0.5, 0.4, 0.5, 0.4, 0.4]
Beach75.jpg:[0.2, 0.4, 0.4, 0.4, 0.4]
Beach76.jpg:[0.1, 0.2, 0.2, 0.2, 0.2]
Beach77.jpg:[0.4, 0.5, 0.6, 0.6, 0.6]
Beach78.jpg:[0.4, 0.7, 0.7, 0.7, 0.8]
Beach79.jpg:[0.1, 0.1, 0.3, 0.4, 0.6]
Beach8.jpg:[0.2, 0.5, 0.5, 0.6, 0.6]
Beach80.jpg:[0.3, 0.3, 0.4, 0.5, 0.5]
Beach81.jpg:[0.2, 0.3, 0.5, 0.5, 0.6]
Beach82.jpg:[0.1, 0.4, 0.5, 0.6, 0.7]
Beach83.jpg:[0.1, 0.1, 0.2, 0.2, 0.2]
Beach84.jpg:[0.5, 0.4, 0.5, 0.5, 0.6]
Beach85.jpg:[0.3, 0.5, 0.6, 0.6, 0.6]
Beach86.jpg:[0.2, 0.3, 0.3, 0.4, 0.4]
Beach87.jpg:[0.2, 0.2, 0.4, 0.5, 0.7]
Beach88.jpg:[0.3, 0.4, 0.5, 0.4, 0.5]
Beach89.jpg:[0.3, 0.4, 0.4, 0.4, 0.5]
Beach9.jpg:[0.5, 0.6, 0.6, 0.7, 0.8]
Beach90.jpg:[0.1, 0.1, 0.3, 0.3, 0.3]
Beach91.jpg:[0.2, 0.4, 0.4, 0.5, 0.5]
Beach92.jpg:[0.5, 0.6, 0.8, 0.8, 0.8]
Beach93.jpg:[0.5, 0.5, 0.7, 0.7, 0.8]
Beach94.jpg:[0.1, 0.1, 0.3, 0.3, 0.3]
Beach95.jpg:[0.3, 0.4, 0.4, 0.4, 0.5]
Beach96.jpg:[0.4, 0.7, 0.7, 0.7, 0.7]
Beach97.jpg:[0.1, 0.3, 0.3, 0.3, 0.3]
Beach98.jpg:[0.2, 0.3, 0.3, 0.3, 0.4]
Beach99.jpg:[0.4, 0.4, 0.6, 0.6, 0.6]
Buildings1.jpg:[0.4, 0.6, 0.6, 0.6, 0.7]
Buildings10.jpg:[0.2, 0.3, 0.5, 0.5, 0.4]
Buildings100.jpg:[0.9, 1.0, 1.0, 1.0, 1.0]
Buildings11.jpg:[0.2, 0.3, 0.6, 0.5, 0.5]
Buildings12.jpg:[0.5, 0.5, 0.6, 0.6, 0.6]
Buildings13.jpg:[0.1, 0.2, 0.4, 0.4, 0.4]
Buildings14.jpg:[0.1, 0.3, 0.4, 0.6, 0.5]
Buildings15.jpg:[0.3, 0.6, 0.6, 0.7, 0.8]
Buildings16.jpg:[0.5, 0.8, 0.8, 0.8, 0.8]
Buildings17.jpg:[0.5, 0.6, 0.7, 0.8, 0.9]
Buildings18.jpg:[0.3, 0.5, 0.7, 0.8, 0.8]
Buildings19.jpg:[0.6, 0.7, 0.9, 1.0, 1.0]
Buildings2.jpg:[0.4, 0.8, 0.9, 0.8, 0.9]
Buildings20.jpg:[0.8, 1.0, 1.0, 1.0, 1.0]
Buildings21.jpg:[0.2, 0.3, 0.5, 0.8, 0.7]
Buildings22.jpg:[0.2, 0.4, 0.4, 0.5, 0.8]
Buildings23.jpg:[0.6, 0.6, 0.7, 0.8, 0.9]
Buildings24.jpg:[0.3, 0.5, 0.5, 0.6, 0.5]
Buildings25.jpg:[0.5, 0.7, 0.8, 0.7, 0.7]
Buildings26.jpg:[0.1, 0.1, 0.1, 0.1, 0.2]
Buildings27.jpg:[0.1, 0.2, 0.2, 0.4, 0.5]
Buildings28.jpg:[0.5, 0.7, 0.7, 0.8, 0.8]
Buildings29.jpg:[0.5, 0.6, 0.7, 0.8, 0.9]
Buildings3.jpg:[0.7, 0.8, 1.0, 1.0, 1.0]
Buildings30.jpg:[0.7, 0.9, 0.8, 0.8, 0.8]
Buildings31.jpg:[0.3, 0.6, 0.7, 0.8, 0.8]
Buildings32.jpg:[0.1, 0.2, 0.3, 0.5, 0.5]
Buildings33.jpg:[0.8, 0.8, 0.8, 0.8, 0.8]
Buildings34.jpg:[0.4, 0.5, 0.5, 0.5, 0.5]
Buildings35.jpg:[0.1, 0.1, 0.2, 0.2, 0.2]
Buildings36.jpg:[0.4, 0.6, 0.7, 0.8, 0.8]
Buildings37.jpg:[0.3, 0.4, 0.5, 0.5, 0.5]
Buildings38.jpg:[0.3, 0.4, 0.4, 0.5, 0.7]
Buildings39.jpg:[0.5, 0.8, 0.8, 0.8, 0.8]
Buildings4.jpg:[0.4, 0.8, 0.9, 0.9, 0.9]
Buildings40.jpg:[0.4, 0.7, 1.0, 0.9, 0.8]
Buildings41.jpg:[0.1, 0.1, 0.1, 0.4, 0.5]
Buildings42.jpg:[0.4, 0.8, 1.0, 0.8, 0.7]
Buildings43.jpg:[0.1, 0.5, 0.6, 0.8, 0.9]
Buildings44.jpg:[0.7, 0.7, 0.7, 0.7, 0.8]
Buildings45.jpg:[0.5, 0.6, 0.6, 0.7, 0.7]
Buildings46.jpg:[0.1, 0.1, 0.1, 0.1, 0.1]
Buildings47.jpg:[0.2, 0.4, 0.8, 0.8, 0.8]
Buildings48.jpg:[0.3, 0.4, 0.4, 0.4, 0.4]
Buildings49.jpg:[0.4, 0.8, 0.9, 1.0, 0.7]
Buildings5.jpg:[0.5, 0.7, 0.9, 0.9, 0.8]
Buildings50.jpg:[0.2, 0.3, 0.4, 0.4, 0.4]
Buildings51.jpg:[0.2, 0.3, 0.3, 0.5, 0.5]
Buildings52.jpg:[0.5, 0.5, 0.7, 0.7, 0.7]
Buildings53.jpg:[0.8, 0.9, 1.0, 0.9, 1.0]
Buildings54.jpg:[0.8, 0.9, 0.8, 0.8, 0.8]
Buildings55.jpg:[0.2, 0.4, 0.4, 0.5, 0.5]
Buildings56.jpg:[0.6, 0.6, 0.7, 0.8, 0.9]
Buildings57.jpg:[0.2, 0.3, 0.5, 0.4, 0.5]
Buildings58.jpg:[0.3, 0.3, 0.4, 0.4, 0.4]
Buildings59.jpg:[0.2, 0.3, 0.4, 0.4, 0.6]
Buildings6.jpg:[0.4, 0.6, 0.6, 0.7, 0.8]
Buildings60.jpg:[0.2, 0.5, 0.8, 0.8, 0.8]
Buildings61.jpg:[0.3, 0.3, 0.4, 0.4, 0.4]
Buildings62.jpg:[0.4, 0.6, 0.8, 0.8, 1.0]
Buildings63.jpg:[0.4, 0.5, 0.5, 0.8, 0.9]
Buildings64.jpg:[0.2, 0.2, 0.2, 0.3, 0.5]
Buildings65.jpg:[0.2, 0.7, 0.6, 0.7, 0.8]
Buildings66.jpg:[0.4, 0.5, 0.6, 0.4, 0.5]
Buildings67.jpg:[0.1, 0.1, 0.6, 0.7, 0.7]
Buildings68.jpg:[0.4, 0.6, 0.7, 0.8, 0.9]
Buildings69.jpg:[0.2, 0.3, 0.4, 0.5, 0.5]
Buildings7.jpg:[0.2, 0.2, 0.2, 0.3, 0.5]
Buildings70.jpg:[0.3, 0.3, 0.4, 0.4, 0.4]
Buildings71.jpg:[0.2, 0.6, 0.8, 1.0, 1.0]
Buildings72.jpg:[0.3, 0.7, 0.7, 0.9, 1.0]
Buildings73.jpg:[0.4, 0.7, 1.0, 0.9, 0.8]
Buildings74.jpg:[0.3, 0.3, 0.5, 0.6, 0.6]
Buildings75.jpg:[0.5, 0.5, 0.6, 0.7, 0.7]
Buildings76.jpg:[0.3, 0.5, 0.6, 0.7, 0.9]
Buildings77.jpg:[0.3, 0.4, 0.5, 0.5, 0.6]
Buildings78.jpg:[0.7, 0.7, 0.8, 0.8, 0.8]
Buildings79.jpg:[0.5, 0.7, 1.0, 1.0, 1.0]
Buildings8.jpg:[0.4, 0.5, 0.6, 0.6, 0.6]
Buildings80.jpg:[0.2, 0.7, 0.9, 0.9, 0.9]
Buildings81.jpg:[0.6, 0.8, 0.8, 1.0, 1.0]
Buildings82.jpg:[0.7, 0.8, 0.8, 0.9, 0.9]
Buildings83.jpg:[0.1, 0.2, 0.2, 0.3, 0.3]
Buildings84.jpg:[0.2, 0.2, 0.6, 0.5, 0.5]
Buildings85.jpg:[0.4, 0.4, 0.6, 0.7, 0.6]
Buildings86.jpg:[0.7, 0.8, 1.0, 1.0, 1.0]
Buildings87.jpg:[0.8, 0.8, 0.8, 1.0, 1.0]
Buildings88.jpg:[0.4, 0.4, 0.6, 0.7, 0.6]
Buildings89.jpg:[0.6, 0.8, 1.0, 1.0, 1.0]
Buildings9.jpg:[0.4, 0.5, 0.5, 0.6, 0.6]
Buildings90.jpg:[0.4, 0.8, 1.0, 1.0, 0.8]
Buildings91.jpg:[0.4, 0.5, 0.6, 0.7, 0.9]
Buildings92.jpg:[0.6, 0.6, 0.7, 0.8, 0.9]
Buildings93.jpg:[0.1, 0.1, 0.3, 0.3, 0.4]
Buildings94.jpg:[0.2, 0.6, 0.9, 0.9, 0.9]
Buildings95.jpg:[0.9, 1.0, 1.0, 1.0, 1.0]
Buildings96.jpg:[0.2, 0.4, 0.3, 0.4, 0.4]
Buildings97.jpg:[0.2, 0.4, 0.6, 0.7, 0.8]
Buildings98.jpg:[0.4, 0.5, 0.6, 0.5, 0.6]
Buildings99.jpg:[0.6, 0.8, 0.9, 0.9, 1.0]
Buses1.jpg:[0.7, 0.8, 0.8, 0.8, 0.8]
Buses10.jpg:[0.4, 0.4, 0.6, 0.7, 0.7]
Buses100.jpg:[0.3, 0.6, 0.6, 0.7, 0.7]
Buses11.jpg:[0.6, 0.9, 0.8, 0.8, 0.8]
Buses12.jpg:[0.6, 0.7, 0.6, 0.7, 0.7]
Buses13.jpg:[0.2, 0.5, 0.5, 0.5, 0.6]
Buses14.jpg:[0.5, 0.5, 0.5, 0.6, 0.8]
Buses15.jpg:[0.1, 0.2, 0.2, 0.4, 0.4]
Buses16.jpg:[0.5, 0.7, 0.8, 0.8, 0.8]
Buses17.jpg:[0.8, 0.9, 0.8, 1.0, 0.9]
Buses18.jpg:[0.4, 0.8, 0.8, 0.8, 0.8]
Buses19.jpg:[0.4, 0.5, 0.5, 0.7, 0.8]
Buses2.jpg:[0.4, 0.6, 0.8, 1.0, 0.8]
Buses20.jpg:[0.4, 0.9, 0.9, 0.9, 1.0]
Buses21.jpg:[0.8, 1.0, 0.8, 0.9, 0.8]
Buses22.jpg:[0.5, 0.6, 0.6, 0.6, 0.7]
Buses23.jpg:[0.3, 0.7, 0.9, 0.8, 0.8]
Buses24.jpg:[0.4, 0.5, 0.5, 0.6, 1.0]
Buses25.jpg:[0.2, 0.5, 0.7, 0.8, 0.8]
Buses26.jpg:[0.3, 0.4, 0.7, 0.6, 0.6]
Buses27.jpg:[0.6, 0.8, 0.8, 0.9, 0.8]
Buses28.jpg:[0.6, 1.0, 0.9, 0.8, 0.8]
Buses29.jpg:[0.1, 0.4, 0.7, 0.8, 0.8]
Buses3.jpg:[0.3, 0.6, 0.7, 0.9, 0.9]
Buses30.jpg:[0.7, 0.9, 0.8, 0.8, 0.8]
Buses31.jpg:[1.0, 0.9, 0.8, 0.7, 0.8]
Buses32.jpg:[0.2, 0.4, 0.6, 0.6, 0.7]
Buses33.jpg:[0.6, 0.9, 1.0, 1.0, 1.0]
Buses34.jpg:[0.6, 0.7, 0.7, 0.7, 0.7]
Buses35.jpg:[0.5, 0.7, 0.7, 1.0, 0.8]
Buses36.jpg:[0.7, 0.9, 1.0, 0.9, 0.9]
Buses37.jpg:[0.2, 0.3, 0.6, 0.7, 0.8]
Buses38.jpg:[0.6, 0.6, 0.7, 0.7, 0.9]
Buses39.jpg:[0.2, 0.5, 0.5, 0.7, 0.7]
Buses4.jpg:[0.8, 0.9, 1.0, 1.0, 1.0]
Buses40.jpg:[0.3, 0.5, 0.8, 0.8, 0.8]
Buses41.jpg:[0.2, 0.5, 0.7, 0.8, 0.8]
Buses42.jpg:[0.5, 0.8, 0.6, 0.8, 0.9]
Buses43.jpg:[0.5, 0.6, 0.7, 0.7, 0.6]
Buses44.jpg:[0.1, 0.1, 0.1, 0.1, 0.1]
Buses45.jpg:[0.2, 0.6, 0.6, 0.6, 0.8]
Buses46.jpg:[0.2, 0.3, 0.8, 0.9, 0.8]
Buses47.jpg:[0.4, 0.6, 0.7, 0.8, 0.9]
Buses48.jpg:[0.3, 0.5, 0.7, 0.8, 0.7]
Buses49.jpg:[0.2, 0.4, 0.5, 0.7, 0.8]
Buses5.jpg:[0.5, 0.6, 0.7, 0.7, 0.7]
Buses50.jpg:[0.4, 0.5, 0.5, 0.5, 0.5]
Buses51.jpg:[0.6, 0.6, 0.6, 0.7, 0.7]
Buses52.jpg:[0.5, 0.8, 0.8, 0.9, 1.0]
Buses53.jpg:[0.7, 0.7, 0.7, 0.7, 0.7]
Buses54.jpg:[0.3, 0.8, 0.9, 0.9, 0.9]
Buses55.jpg:[0.4, 0.7, 0.8, 0.7, 0.7]
Buses56.jpg:[0.6, 0.6, 0.6, 0.7, 0.7]
Buses57.jpg:[0.2, 0.6, 0.6, 1.0, 0.9]
Buses58.jpg:[0.5, 0.8, 0.8, 0.8, 0.8]
Buses59.jpg:[0.5, 0.5, 0.7, 0.7, 0.8]
Buses6.jpg:[0.6, 0.7, 0.7, 0.7, 0.7]
Buses60.jpg:[0.2, 0.3, 0.6, 0.8, 0.8]
Buses61.jpg:[0.6, 0.8, 0.8, 0.8, 0.8]
Buses62.jpg:[0.4, 0.5, 0.5, 0.6, 0.6]
Buses63.jpg:[0.5, 0.5, 0.8, 0.9, 0.9]
Buses64.jpg:[0.6, 0.7, 0.7, 0.7, 0.8]
Buses65.jpg:[0.7, 0.8, 0.9, 0.8, 0.8]
Buses66.jpg:[0.1, 0.2, 0.3, 0.4, 0.6]
Buses67.jpg:[0.3, 0.4, 0.6, 0.6, 0.9]
Buses68.jpg:[0.6, 0.7, 0.7, 0.8, 0.9]
Buses69.jpg:[0.3, 0.5, 0.7, 0.6, 0.7]
Buses7.jpg:[0.4, 0.8, 0.7, 0.9, 0.9]
Buses70.jpg:[0.1, 0.5, 0.9, 0.9, 0.9]
Buses71.jpg:[0.4, 0.5, 0.5, 0.6, 0.6]
Buses72.jpg:[0.5, 0.7, 0.8, 0.8, 0.8]
Buses73.jpg:[0.7, 0.8, 0.9, 0.7, 0.7]
Buses74.jpg:[0.7, 0.7, 0.7, 0.7, 0.7]
Buses75.jpg:[0.2, 0.4, 0.5, 0.6, 0.8]
Buses76.jpg:[0.7, 0.7, 0.7, 0.7, 0.7]
Buses77.jpg:[0.5, 0.8, 0.9, 0.9, 1.0]
Buses78.jpg:[0.2, 0.6, 0.7, 0.7, 0.7]
Buses79.jpg:[0.7, 0.7, 0.7, 0.7, 0.8]
Buses8.jpg:[0.4, 0.5, 0.7, 0.9, 0.9]
Buses80.jpg:[0.5, 0.6, 0.6, 0.6, 0.9]
Buses81.jpg:[0.5, 0.5, 0.5, 0.6, 0.6]
Buses82.jpg:[0.2, 0.3, 0.4, 0.5, 0.6]
Buses83.jpg:[0.2, 0.4, 0.5, 0.7, 0.8]
Buses84.jpg:[0.4, 0.4, 0.5, 0.7, 0.9]
Buses85.jpg:[0.1, 0.3, 0.4, 0.4, 0.4]
Buses86.jpg:[0.8, 0.9, 0.7, 0.7, 0.6]
Buses87.jpg:[0.5, 0.9, 1.0, 0.8, 0.9]
Buses88.jpg:[0.1, 0.2, 0.2, 0.3, 0.3]
Buses89.jpg:[0.3, 0.7, 0.9, 0.7, 0.7]
Buses9.jpg:[0.3, 0.6, 0.7, 0.9, 0.9]
Buses90.jpg:[0.1, 0.6, 0.8, 0.8, 0.8]
Buses91.jpg:[0.2, 0.3, 0.6, 0.6, 0.8]
Buses92.jpg:[0.2, 0.3, 0.3, 0.4, 0.5]
Buses93.jpg:[0.6, 0.8, 0.7, 0.9, 0.9]
Buses94.jpg:[0.2, 0.7, 0.8, 0.8, 0.8]
Buses95.jpg:[0.3, 0.6, 0.7, 0.8, 0.8]
Buses96.jpg:[0.6, 0.7, 0.8, 0.9, 0.9]
Buses97.jpg:[0.5, 0.7, 0.8, 0.9, 0.9]
Buses98.jpg:[0.7, 0.7, 0.7, 0.7, 0.8]
Buses99.jpg:[0.4, 0.7, 0.7, 0.7, 0.8]
Dinosaurs1.jpg:[1.0, 1.0, 1.0, 1.0, 1.0]
Dinosaurs10.jpg:[1.0, 1.0, 1.0, 1.0, 1.0]
Dinosaurs100.jpg:[1.0, 1.0, 1.0, 1.0, 1.0]
Dinosaurs11.jpg:[1.0, 1.0, 1.0, 1.0, 1.0]
Dinosaurs12.jpg:[1.0, 1.0, 1.0, 1.0, 1.0]
Dinosaurs13.jpg:[1.0, 1.0, 1.0, 1.0, 1.0]
Dinosaurs14.jpg:[1.0, 1.0, 1.0, 1.0, 1.0]
Dinosaurs15.jpg:[1.0, 1.0, 1.0, 1.0, 1.0]
Dinosaurs16.jpg:[0.8, 1.0, 1.0, 1.0, 1.0]
Dinosaurs17.jpg:[1.0, 1.0, 1.0, 1.0, 1.0]
Dinosaurs18.jpg:[1.0, 1.0, 1.0, 1.0, 1.0]
Dinosaurs19.jpg:[1.0, 1.0, 1.0, 1.0, 1.0]
Dinosaurs2.jpg:[1.0, 1.0, 1.0, 1.0, 1.0]
Dinosaurs20.jpg:[1.0, 1.0, 1.0, 1.0, 1.0]
Dinosaurs21.jpg:[1.0, 1.0, 1.0, 1.0, 1.0]
Dinosaurs22.jpg:[1.0, 1.0, 1.0, 1.0, 1.0]
Dinosaurs23.jpg:[1.0, 1.0, 1.0, 1.0, 1.0]
Dinosaurs24.jpg:[1.0, 1.0, 1.0, 1.0, 1.0]
Dinosaurs25.jpg:[0.9, 1.0, 1.0, 1.0, 1.0]
Dinosaurs26.jpg:[0.2, 0.7, 1.0, 1.0, 1.0]
Dinosaurs27.jpg:[1.0, 1.0, 1.0, 1.0, 1.0]
Dinosaurs28.jpg:[1.0, 1.0, 1.0, 1.0, 1.0]
Dinosaurs29.jpg:[1.0, 1.0, 1.0, 1.0, 1.0]
Dinosaurs3.jpg:[1.0, 1.0, 1.0, 1.0, 1.0]
Dinosaurs30.jpg:[1.0, 1.0, 1.0, 1.0, 1.0]
Dinosaurs31.jpg:[1.0, 1.0, 1.0, 1.0, 1.0]
Dinosaurs32.jpg:[1.0, 1.0, 1.0, 1.0, 1.0]
Dinosaurs33.jpg:[1.0, 1.0, 1.0, 1.0, 1.0]
Dinosaurs34.jpg:[1.0, 1.0, 1.0, 1.0, 1.0]
Dinosaurs35.jpg:[1.0, 1.0, 1.0, 1.0, 1.0]
Dinosaurs36.jpg:[1.0, 1.0, 1.0, 1.0, 1.0]
Dinosaurs37.jpg:[1.0, 1.0, 1.0, 1.0, 1.0]
Dinosaurs38.jpg:[1.0, 1.0, 1.0, 1.0, 1.0]
Dinosaurs39.jpg:[1.0, 1.0, 1.0, 1.0, 1.0]
Dinosaurs4.jpg:[1.0, 1.0, 1.0, 1.0, 1.0]
Dinosaurs40.jpg:[1.0, 1.0, 1.0, 1.0, 1.0]
Dinosaurs41.jpg:[1.0, 1.0, 1.0, 1.0, 1.0]
Dinosaurs42.jpg:[1.0, 1.0, 1.0, 1.0, 1.0]
Dinosaurs43.jpg:[1.0, 1.0, 1.0, 1.0, 1.0]
Dinosaurs44.jpg:[1.0, 1.0, 1.0, 1.0, 1.0]
Dinosaurs45.jpg:[1.0, 1.0, 1.0, 1.0, 1.0]
Dinosaurs46.jpg:[1.0, 1.0, 1.0, 1.0, 1.0]
Dinosaurs47.jpg:[1.0, 1.0, 1.0, 1.0, 1.0]
Dinosaurs48.jpg:[1.0, 1.0, 1.0, 1.0, 1.0]
Dinosaurs49.jpg:[1.0, 1.0, 1.0, 1.0, 1.0]
Dinosaurs5.jpg:[1.0, 1.0, 1.0, 1.0, 1.0]
Dinosaurs50.jpg:[1.0, 1.0, 1.0, 1.0, 1.0]
Dinosaurs51.jpg:[1.0, 1.0, 1.0, 1.0, 1.0]
Dinosaurs52.jpg:[1.0, 1.0, 1.0, 1.0, 1.0]
Dinosaurs53.jpg:[1.0, 1.0, 1.0, 1.0, 1.0]
Dinosaurs54.jpg:[1.0, 1.0, 1.0, 1.0, 1.0]
Dinosaurs55.jpg:[1.0, 1.0, 1.0, 1.0, 1.0]
Dinosaurs56.jpg:[1.0, 1.0, 1.0, 1.0, 1.0]
Dinosaurs57.jpg:[1.0, 1.0, 1.0, 1.0, 1.0]
Dinosaurs58.jpg:[1.0, 1.0, 1.0, 1.0, 1.0]
Dinosaurs59.jpg:[1.0, 1.0, 1.0, 1.0, 1.0]
Dinosaurs6.jpg:[1.0, 1.0, 1.0, 1.0, 1.0]
Dinosaurs60.jpg:[1.0, 1.0, 1.0, 1.0, 1.0]
Dinosaurs61.jpg:[1.0, 1.0, 1.0, 1.0, 1.0]
Dinosaurs62.jpg:[1.0, 1.0, 1.0, 1.0, 1.0]
Dinosaurs63.jpg:[1.0, 1.0, 1.0, 1.0, 1.0]
Dinosaurs64.jpg:[1.0, 1.0, 1.0, 1.0, 1.0]
Dinosaurs65.jpg:[1.0, 1.0, 1.0, 1.0, 1.0]
Dinosaurs66.jpg:[1.0, 1.0, 1.0, 1.0, 1.0]
Dinosaurs67.jpg:[1.0, 1.0, 1.0, 1.0, 1.0]
Dinosaurs68.jpg:[1.0, 1.0, 1.0, 1.0, 1.0]
Dinosaurs69.jpg:[1.0, 1.0, 1.0, 1.0, 1.0]
Dinosaurs7.jpg:[1.0, 1.0, 1.0, 1.0, 1.0]
Dinosaurs70.jpg:[1.0, 1.0, 1.0, 1.0, 1.0]
Dinosaurs71.jpg:[1.0, 1.0, 1.0, 1.0, 1.0]
Dinosaurs72.jpg:[1.0, 1.0, 1.0, 1.0, 1.0]
Dinosaurs73.jpg:[1.0, 1.0, 1.0, 1.0, 1.0]
Dinosaurs74.jpg:[1.0, 1.0, 1.0, 1.0, 1.0]
Dinosaurs75.jpg:[1.0, 1.0, 1.0, 1.0, 1.0]
Dinosaurs76.jpg:[1.0, 1.0, 1.0, 1.0, 1.0]
Dinosaurs77.jpg:[1.0, 1.0, 1.0, 1.0, 1.0]
Dinosaurs78.jpg:[1.0, 1.0, 1.0, 1.0, 1.0]
Dinosaurs79.jpg:[0.7, 1.0, 1.0, 1.0, 1.0]
Dinosaurs8.jpg:[1.0, 1.0, 1.0, 1.0, 1.0]
Dinosaurs80.jpg:[1.0, 1.0, 1.0, 1.0, 1.0]
Dinosaurs81.jpg:[1.0, 1.0, 1.0, 1.0, 1.0]
Dinosaurs82.jpg:[1.0, 1.0, 1.0, 1.0, 1.0]
Dinosaurs83.jpg:[1.0, 1.0, 1.0, 1.0, 1.0]
Dinosaurs84.jpg:[1.0, 1.0, 1.0, 1.0, 1.0]
Dinosaurs85.jpg:[1.0, 1.0, 1.0, 1.0, 1.0]
Dinosaurs86.jpg:[1.0, 1.0, 1.0, 1.0, 1.0]
Dinosaurs87.jpg:[1.0, 1.0, 1.0, 1.0, 1.0]
Dinosaurs88.jpg:[1.0, 1.0, 1.0, 1.0, 1.0]
Dinosaurs89.jpg:[1.0, 1.0, 1.0, 1.0, 1.0]
Dinosaurs9.jpg:[1.0, 1.0, 1.0, 1.0, 1.0]
Dinosaurs90.jpg:[1.0, 1.0, 1.0, 1.0, 1.0]
Dinosaurs91.jpg:[1.0, 1.0, 1.0, 1.0, 1.0]
Dinosaurs92.jpg:[1.0, 1.0, 1.0, 1.0, 1.0]
Dinosaurs93.jpg:[1.0, 1.0, 1.0, 1.0, 1.0]
Dinosaurs94.jpg:[1.0, 1.0, 1.0, 1.0, 1.0]
Dinosaurs95.jpg:[1.0, 1.0, 1.0, 1.0, 1.0]
Dinosaurs96.jpg:[1.0, 1.0, 1.0, 1.0, 1.0]
Dinosaurs97.jpg:[1.0, 1.0, 1.0, 1.0, 1.0]
Dinosaurs98.jpg:[1.0, 1.0, 1.0, 1.0, 1.0]
Dinosaurs99.jpg:[1.0, 1.0, 1.0, 1.0, 1.0]
Elephants1.jpg:[0.8, 0.8, 0.9, 0.9, 0.9]
Elephants10.jpg:[0.2, 0.5, 0.6, 0.7, 0.9]
Elephants100.jpg:[0.7, 0.9, 0.8, 0.9, 1.0]
Elephants11.jpg:[0.8, 1.0, 0.9, 0.9, 0.9]
Elephants12.jpg:[0.1, 0.1, 0.1, 0.2, 0.2]
Elephants13.jpg:[0.2, 0.4, 0.5, 0.7, 0.8]
Elephants14.jpg:[0.5, 0.6, 0.8, 1.0, 0.6]
Elephants15.jpg:[0.4, 0.4, 0.5, 0.7, 0.9]
Elephants16.jpg:[0.4, 0.4, 0.4, 0.5, 0.7]
Elephants17.jpg:[0.3, 0.3, 0.3, 0.3, 0.4]
Elephants18.jpg:[0.3, 0.6, 0.6, 0.8, 1.0]
Elephants19.jpg:[0.7, 0.8, 1.0, 1.0, 1.0]
Elephants2.jpg:[0.7, 0.8, 1.0, 1.0, 1.0]
Elephants20.jpg:[0.2, 0.6, 0.9, 0.9, 1.0]
Elephants21.jpg:[0.2, 0.4, 0.5, 0.5, 0.5]
Elephants22.jpg:[0.8, 1.0, 1.0, 1.0, 0.9]
Elephants23.jpg:[0.5, 0.5, 0.7, 0.9, 0.9]
Elephants24.jpg:[0.6, 0.9, 0.9, 1.0, 0.9]
Elephants25.jpg:[0.6, 1.0, 0.8, 1.0, 1.0]
Elephants26.jpg:[0.6, 0.7, 0.9, 0.9, 1.0]
Elephants27.jpg:[0.7, 0.8, 1.0, 1.0, 1.0]
Elephants28.jpg:[0.9, 0.9, 0.9, 0.9, 0.9]
Elephants29.jpg:[0.2, 0.2, 0.2, 0.5, 0.6]
Elephants3.jpg:[0.4, 0.9, 0.9, 0.9, 1.0]
Elephants30.jpg:[0.8, 0.9, 1.0, 1.0, 1.0]
Elephants31.jpg:[0.6, 1.0, 0.8, 0.9, 0.9]
Elephants32.jpg:[0.3, 0.5, 0.9, 0.8, 0.7]
Elephants33.jpg:[0.5, 1.0, 0.9, 0.7, 0.9]
Elephants34.jpg:[0.6, 0.9, 0.8, 0.9, 0.9]
Elephants35.jpg:[0.6, 0.8, 1.0, 1.0, 1.0]
Elephants36.jpg:[0.4, 0.4, 0.4, 0.5, 0.7]
Elephants37.jpg:[0.3, 0.6, 0.7, 0.7, 0.8]
Elephants38.jpg:[0.5, 0.7, 0.9, 1.0, 1.0]
Elephants39.jpg:[0.8, 1.0, 1.0, 1.0, 0.9]
Elephants4.jpg:[0.3, 0.5, 0.5, 0.5, 0.6]
Elephants40.jpg:[0.7, 1.0, 0.9, 0.8, 0.9]
Elephants41.jpg:[0.9, 0.9, 0.9, 0.9, 0.9]
Elephants42.jpg:[0.4, 0.4, 0.5, 0.7, 0.9]
Elephants43.jpg:[0.7, 0.8, 0.9, 0.9, 1.0]
Elephants44.jpg:[0.9, 0.9, 0.9, 0.9, 0.9]
Elephants45.jpg:[0.8, 1.0, 1.0, 0.9, 0.9]
Elephants46.jpg:[0.4, 0.7, 0.7, 0.7, 0.8]
Elephants47.jpg:[0.6, 0.9, 0.9, 0.9, 0.9]
Elephants48.jpg:[0.5, 0.8, 0.8, 0.9, 0.9]
Elephants49.jpg:[0.4, 0.9, 0.9, 0.9, 0.9]
Elephants5.jpg:[0.5, 0.9, 0.9, 1.0, 0.9]
Elephants50.jpg:[0.4, 0.7, 1.0, 0.9, 0.9]
Elephants51.jpg:[0.3, 0.5, 0.5, 0.5, 0.7]
Elephants52.jpg:[0.1, 0.1, 0.1, 0.1, 0.2]
Elephants53.jpg:[0.9, 0.9, 0.9, 0.9, 0.9]
Elephants54.jpg:[0.7, 1.0, 1.0, 0.9, 0.9]
Elephants55.jpg:[0.4, 0.4, 0.4, 0.5, 0.7]
Elephants56.jpg:[0.7, 0.8, 0.9, 0.9, 0.9]
Elephants57.jpg:[0.8, 1.0, 0.8, 0.8, 1.0]
Elephants58.jpg:[0.8, 0.9, 1.0, 0.9, 0.9]
Elephants59.jpg:[0.7, 0.8, 1.0, 1.0, 1.0]
Elephants6.jpg:[0.3, 0.5, 0.5, 0.5, 0.6]
Elephants60.jpg:[0.4, 0.6, 0.9, 0.9, 0.8]
Elephants61.jpg:[0.8, 0.8, 0.9, 1.0, 0.9]
Elephants62.jpg:[0.5, 1.0, 0.9, 0.9, 0.9]
Elephants63.jpg:[0.4, 0.4, 0.5, 0.7, 0.9]
Elephants64.jpg:[0.5, 0.5, 0.5, 0.7, 0.8]
Elephants65.jpg:[0.8, 1.0, 1.0, 1.0, 0.9]
Elephants66.jpg:[0.2, 0.5, 0.8, 1.0, 0.7]
Elephants67.jpg:[0.4, 0.4, 0.5, 0.5, 0.6]
Elephants68.jpg:[0.4, 0.4, 0.5, 0.5, 0.6]
Elephants69.jpg:[0.4, 0.5, 0.7, 0.8, 0.8]
Elephants7.jpg:[0.8, 0.9, 1.0, 1.0, 0.9]
Elephants70.jpg:[0.2, 0.5, 0.5, 0.5, 0.6]
Elephants71.jpg:[0.1, 0.1, 0.1, 0.5, 0.5]
Elephants72.jpg:[0.4, 0.6, 0.6, 0.7, 0.8]
Elephants73.jpg:[0.7, 0.9, 0.9, 0.9, 1.0]
Elephants74.jpg:[0.9, 0.8, 0.9, 0.9, 0.9]
Elephants75.jpg:[0.6, 0.8, 0.9, 0.9, 1.0]
Elephants76.jpg:[0.4, 0.4, 0.4, 0.5, 0.7]
Elephants77.jpg:[0.4, 0.5, 0.6, 0.8, 0.9]
Elephants78.jpg:[0.8, 0.7, 0.8, 0.9, 1.0]
Elephants79.jpg:[0.7, 1.0, 0.9, 0.9, 0.9]
Elephants8.jpg:[0.6, 1.0, 0.9, 0.8, 0.9]
Elephants80.jpg:[0.5, 0.8, 0.9, 0.8, 0.9]
Elephants81.jpg:[0.3, 0.6, 0.7, 0.8, 0.9]
Elephants82.jpg:[0.3, 0.4, 0.6, 0.7, 0.9]
Elephants83.jpg:[0.3, 0.7, 1.0, 0.9, 1.0]
Elephants84.jpg:[0.7, 0.9, 0.8, 1.0, 1.0]
Elephants85.jpg:[0.6, 0.8, 1.0, 1.0, 1.0]
Elephants86.jpg:[0.6, 0.9, 0.9, 0.9, 1.0]
Elephants87.jpg:[0.8, 0.8, 0.9, 1.0, 1.0]
Elephants88.jpg:[0.3, 0.4, 0.8, 0.8, 0.9]
Elephants89.jpg:[0.7, 0.7, 0.8, 0.9, 1.0]
Elephants9.jpg:[0.6, 0.8, 0.7, 0.8, 1.0]
Elephants90.jpg:[0.7, 0.8, 0.9, 1.0, 1.0]
Elephants91.jpg:[0.7, 0.9, 0.9, 0.9, 0.9]
Elephants92.jpg:[0.3, 0.9, 0.9, 0.9, 0.9]
Elephants93.jpg:[0.6, 0.8, 0.9, 1.0, 1.0]
Elephants94.jpg:[0.7, 0.9, 0.9, 0.9, 0.9]
Elephants95.jpg:[0.3, 0.5, 0.9, 0.8, 0.8]
Elephants96.jpg:[0.7, 0.8, 0.9, 1.0, 1.0]
Elephants97.jpg:[0.4, 0.9, 0.9, 1.0, 1.0]
Elephants98.jpg:[0.2, 0.4, 0.5, 0.7, 0.6]
Elephants99.jpg:[0.5, 0.9, 0.9, 0.9, 0.9]
Flowers1.jpg:[1.0, 1.0, 1.0, 1.0, 1.0]
Flowers10.jpg:[0.9, 1.0, 1.0, 1.0, 1.0]
Flowers100.jpg:[0.4, 0.4, 0.5, 0.8, 1.0]
Flowers11.jpg:[0.6, 0.8, 0.6, 0.5, 0.6]
Flowers12.jpg:[1.0, 1.0, 1.0, 1.0, 1.0]
Flowers13.jpg:[0.8, 1.0, 1.0, 1.0, 1.0]
Flowers14.jpg:[1.0, 1.0, 1.0, 1.0, 1.0]
Flowers15.jpg:[1.0, 1.0, 1.0, 1.0, 1.0]
Flowers16.jpg:[1.0, 1.0, 1.0, 1.0, 1.0]
Flowers17.jpg:[0.6, 0.6, 0.7, 0.7, 0.7]
Flowers18.jpg:[1.0, 1.0, 1.0, 1.0, 1.0]
Flowers19.jpg:[0.7, 0.9, 0.9, 1.0, 0.9]
Flowers2.jpg:[0.3, 0.4, 0.5, 0.7, 0.8]
Flowers20.jpg:[0.4, 0.5, 0.6, 0.5, 0.6]
Flowers21.jpg:[0.2, 0.3, 0.7, 0.8, 0.9]
Flowers22.jpg:[0.4, 0.7, 0.9, 1.0, 1.0]
Flowers23.jpg:[0.4, 0.9, 1.0, 1.0, 1.0]
Flowers24.jpg:[0.8, 0.8, 0.8, 0.8, 0.9]
Flowers25.jpg:[0.2, 0.4, 0.9, 0.7, 0.8]
Flowers26.jpg:[1.0, 1.0, 1.0, 1.0, 1.0]
Flowers27.jpg:[0.8, 0.9, 1.0, 0.9, 0.9]
Flowers28.jpg:[1.0, 1.0, 1.0, 1.0, 1.0]
Flowers29.jpg:[0.9, 1.0, 1.0, 1.0, 1.0]
Flowers3.jpg:[0.3, 0.5, 0.6, 0.6, 0.8]
Flowers30.jpg:[0.8, 1.0, 0.9, 1.0, 1.0]
Flowers31.jpg:[0.8, 0.9, 0.9, 0.9, 0.9]
Flowers32.jpg:[0.9, 1.0, 1.0, 1.0, 1.0]
Flowers33.jpg:[0.3, 0.8, 0.9, 1.0, 1.0]
Flowers34.jpg:[0.9, 1.0, 1.0, 1.0, 1.0]
Flowers35.jpg:[0.3, 0.4, 0.7, 0.9, 0.8]
Flowers36.jpg:[0.8, 1.0, 1.0, 1.0, 1.0]
Flowers37.jpg:[0.8, 1.0, 1.0, 1.0, 1.0]
Flowers38.jpg:[0.6, 1.0, 0.9, 0.9, 0.9]
Flowers39.jpg:[0.9, 1.0, 1.0, 1.0, 1.0]
Flowers4.jpg:[0.8, 0.9, 1.0, 0.9, 0.9]
Flowers40.jpg:[0.3, 0.6, 0.6, 0.7, 0.8]
Flowers41.jpg:[0.5, 0.6, 0.7, 0.7, 0.7]
Flowers42.jpg:[0.8, 1.0, 1.0, 1.0, 1.0]
Flowers43.jpg:[1.0, 0.9, 1.0, 1.0, 1.0]
Flowers44.jpg:[0.4, 0.4, 0.6, 0.8, 0.8]
Flowers45.jpg:[1.0, 1.0, 1.0, 1.0, 1.0]
Flowers46.jpg:[0.7, 0.8, 0.9, 0.9, 1.0]
Flowers47.jpg:[0.5, 0.6, 0.6, 0.7, 0.7]
Flowers48.jpg:[1.0, 1.0, 1.0, 1.0, 1.0]
Flowers49.jpg:[1.0, 1.0, 1.0, 1.0, 1.0]
Flowers5.jpg:[1.0, 1.0, 1.0, 1.0, 1.0]
Flowers50.jpg:[1.0, 1.0, 1.0, 1.0, 1.0]
Flowers51.jpg:[0.2, 0.5, 0.6, 0.8, 0.8]
Flowers52.jpg:[0.6, 0.8, 0.8, 1.0, 1.0]
Flowers53.jpg:[0.8, 0.8, 0.9, 0.9, 0.9]
Flowers54.jpg:[1.0, 1.0, 1.0, 1.0, 1.0]
Flowers55.jpg:[0.2, 0.2, 0.2, 0.3, 0.3]
Flowers56.jpg:[0.9, 0.9, 0.9, 1.0, 1.0]
Flowers57.jpg:[1.0, 1.0, 1.0, 1.0, 1.0]
Flowers58.jpg:[0.4, 0.5, 0.6, 0.7, 0.8]
Flowers59.jpg:[1.0, 1.0, 1.0, 1.0, 1.0]
Flowers6.jpg:[0.3, 0.5, 0.5, 0.7, 0.9]
Flowers60.jpg:[0.8, 1.0, 1.0, 1.0, 1.0]
Flowers61.jpg:[0.9, 1.0, 1.0, 1.0, 1.0]
Flowers62.jpg:[0.9, 0.9, 1.0, 1.0, 1.0]
Flowers63.jpg:[0.7, 0.9, 0.9, 0.9, 0.9]
Flowers64.jpg:[0.6, 0.8, 0.9, 0.8, 0.9]
Flowers65.jpg:[1.0, 1.0, 1.0, 1.0, 1.0]
Flowers66.jpg:[0.9, 1.0, 1.0, 1.0, 1.0]
Flowers67.jpg:[0.9, 1.0, 1.0, 1.0, 1.0]
Flowers68.jpg:[0.3, 0.5, 0.7, 0.8, 0.8]
Flowers69.jpg:[0.3, 0.5, 0.7, 0.8, 0.8]
Flowers7.jpg:[0.5, 0.7, 0.9, 1.0, 1.0]
Flowers70.jpg:[0.2, 0.3, 0.7, 0.8, 0.9]
Flowers71.jpg:[0.8, 1.0, 1.0, 1.0, 1.0]
Flowers72.jpg:[0.9, 1.0, 1.0, 1.0, 1.0]
Flowers73.jpg:[0.4, 0.6, 0.6, 0.7, 0.7]
Flowers74.jpg:[0.7, 0.7, 0.7, 0.7, 0.7]
Flowers75.jpg:[0.2, 0.2, 0.3, 0.4, 0.7]
Flowers76.jpg:[1.0, 1.0, 1.0, 1.0, 1.0]
Flowers77.jpg:[0.4, 0.4, 0.5, 0.7, 0.8]
Flowers78.jpg:[0.4, 0.5, 0.6, 0.8, 0.9]
Flowers79.jpg:[0.7, 0.7, 0.8, 0.8, 0.8]
Flowers8.jpg:[0.1, 0.1, 0.2, 0.6, 0.6]
Flowers80.jpg:[0.6, 0.8, 1.0, 1.0, 1.0]
Flowers81.jpg:[0.2, 0.4, 0.5, 0.7, 0.8]
Flowers82.jpg:[0.5, 0.7, 0.9, 0.9, 1.0]
Flowers83.jpg:[0.4, 0.5, 0.6, 0.7, 0.8]
Flowers84.jpg:[0.2, 0.3, 0.3, 0.3, 0.3]
Flowers85.jpg:[0.7, 0.8, 1.0, 1.0, 1.0]
Flowers86.jpg:[1.0, 1.0, 1.0, 1.0, 1.0]
Flowers87.jpg:[0.2, 0.4, 0.5, 0.7, 1.0]
Flowers88.jpg:[0.8, 0.8, 0.9, 1.0, 1.0]
Flowers89.jpg:[0.8, 0.8, 1.0, 0.9, 1.0]
Flowers9.jpg:[0.2, 0.5, 0.6, 0.7, 0.8]
Flowers90.jpg:[0.1, 1.0, 1.0, 1.0, 1.0]
Flowers91.jpg:[0.2, 0.2, 0.3, 0.4, 0.6]
Flowers92.jpg:[0.2, 0.4, 0.6, 0.7, 0.7]
Flowers93.jpg:[0.8, 1.0, 1.0, 1.0, 1.0]
Flowers94.jpg:[0.2, 0.2, 0.2, 0.3, 0.3]
Flowers95.jpg:[0.1, 0.1, 0.1, 0.2, 0.2]
Flowers96.jpg:[0.1, 0.1, 0.1, 0.1, 0.4]
Flowers97.jpg:[0.1, 0.3, 0.5, 0.5, 0.6]
Flowers98.jpg:[0.3, 0.3, 0.4, 0.4, 0.4]
Flowers99.jpg:[0.3, 0.5, 0.7, 0.9, 0.9]
Food1.jpg:[0.5, 0.6, 0.8, 0.9, 0.9]
Food10.jpg:[0.3, 0.6, 0.6, 0.9, 0.7]
Food100.jpg:[0.4, 0.9, 0.9, 0.8, 0.8]
Food11.jpg:[0.1, 0.3, 0.4, 0.6, 0.4]
Food12.jpg:[0.2, 0.2, 0.4, 0.7, 0.8]
Food13.jpg:[0.3, 0.6, 0.8, 0.9, 1.0]
Food14.jpg:[0.1, 0.3, 0.4, 0.8, 0.7]
Food15.jpg:[0.5, 0.7, 0.9, 0.9, 0.9]
Food16.jpg:[0.6, 0.8, 1.0, 0.9, 1.0]
Food17.jpg:[0.3, 0.3, 0.5, 0.7, 0.7]
Food18.jpg:[0.1, 0.1, 0.1, 0.1, 0.2]
Food19.jpg:[0.8, 0.8, 0.9, 1.0, 1.0]
Food2.jpg:[0.2, 0.3, 0.8, 0.9, 0.9]
Food20.jpg:[0.7, 0.8, 0.9, 0.9, 0.9]
Food21.jpg:[0.6, 0.8, 0.8, 0.8, 0.9]
Food22.jpg:[0.4, 0.5, 0.5, 0.6, 0.9]
Food23.jpg:[0.5, 0.7, 0.9, 0.9, 0.9]
Food24.jpg:[0.2, 0.3, 0.4, 0.7, 0.8]
Food25.jpg:[0.4, 0.5, 0.5, 0.6, 0.9]
Food26.jpg:[0.8, 0.9, 1.0, 1.0, 1.0]
Food27.jpg:[0.6, 0.8, 0.9, 1.0, 0.9]
Food28.jpg:[0.6, 0.8, 0.8, 1.0, 0.9]
Food29.jpg:[0.5, 0.6, 0.9, 0.9, 0.9]
Food3.jpg:[0.7, 1.0, 1.0, 1.0, 1.0]
Food30.jpg:[0.4, 0.5, 0.5, 0.8, 0.8]
Food31.jpg:[0.4, 0.6, 0.8, 0.9, 0.9]
Food32.jpg:[0.7, 1.0, 0.9, 1.0, 1.0]
Food33.jpg:[0.4, 0.6, 0.9, 0.9, 1.0]
Food34.jpg:[0.6, 0.8, 0.7, 0.8, 0.8]
Food35.jpg:[0.5, 0.7, 0.8, 0.8, 0.8]
Food36.jpg:[0.3, 0.3, 0.4, 0.7, 0.7]
Food37.jpg:[0.2, 0.6, 0.7, 0.9, 0.9]
Food38.jpg:[0.6, 0.8, 0.8, 0.8, 0.8]
Food39.jpg:[0.5, 0.9, 0.9, 0.8, 0.8]
Food4.jpg:[0.4, 0.7, 0.7, 0.9, 1.0]
Food40.jpg:[0.6, 0.7, 0.8, 0.8, 0.8]
Food41.jpg:[0.9, 0.7, 0.8, 0.9, 0.9]
Food42.jpg:[0.3, 0.6, 0.8, 0.8, 0.9]
Food43.jpg:[0.2, 0.6, 0.8, 0.8, 0.9]
Food44.jpg:[0.4, 0.8, 1.0, 1.0, 1.0]
Food45.jpg:[0.4, 0.6, 0.9, 0.8, 0.7]
Food46.jpg:[0.8, 0.8, 0.8, 0.8, 0.8]
Food47.jpg:[0.4, 0.8, 0.9, 1.0, 0.9]
Food48.jpg:[0.3, 0.6, 0.9, 1.0, 0.9]
Food49.jpg:[0.2, 0.3, 0.5, 0.5, 0.6]
Food5.jpg:[0.2, 0.5, 0.4, 0.6, 0.8]
Food50.jpg:[0.3, 0.8, 0.7, 1.0, 0.9]
Food51.jpg:[0.4, 0.6, 0.9, 1.0, 1.0]
Food52.jpg:[0.2, 0.4, 0.3, 0.4, 0.7]
Food53.jpg:[0.6, 0.7, 0.8, 1.0, 1.0]
Food54.jpg:[0.6, 0.9, 0.9, 1.0, 1.0]
Food55.jpg:[0.7, 1.0, 1.0, 1.0, 1.0]
Food56.jpg:[0.7, 0.8, 0.9, 1.0, 1.0]
Food57.jpg:[0.6, 0.9, 0.8, 0.9, 0.8]
Food58.jpg:[0.4, 0.9, 0.8, 0.8, 0.9]
Food59.jpg:[0.6, 0.9, 1.0, 1.0, 1.0]
Food6.jpg:[0.3, 0.6, 0.7, 0.9, 0.9]
Food60.jpg:[0.6, 0.9, 1.0, 1.0, 1.0]
Food61.jpg:[0.6, 0.7, 1.0, 0.9, 0.9]
Food62.jpg:[0.3, 0.5, 0.7, 0.6, 0.9]
Food63.jpg:[0.8, 0.9, 0.9, 0.9, 1.0]
Food64.jpg:[0.7, 0.9, 1.0, 1.0, 1.0]
Food65.jpg:[0.3, 0.3, 0.4, 0.5, 0.5]
Food66.jpg:[0.9, 0.9, 0.9, 1.0, 1.0]
Food67.jpg:[0.5, 0.7, 0.9, 1.0, 1.0]
Food68.jpg:[0.4, 0.7, 0.9, 0.9, 0.9]
Food69.jpg:[0.1, 0.1, 0.2, 0.3, 0.4]
Food7.jpg:[0.5, 0.7, 0.8, 0.8, 0.9]
Food70.jpg:[0.2, 0.5, 0.7, 0.6, 0.9]
Food71.jpg:[0.8, 1.0, 1.0, 0.9, 1.0]
Food72.jpg:[0.2, 0.3, 0.3, 0.6, 0.7]
Food73.jpg:[0.1, 0.2, 0.3, 0.7, 0.7]
Food74.jpg:[0.2, 0.5, 0.4, 0.6, 0.6]
Food75.jpg:[0.5, 0.6, 0.8, 0.9, 1.0]
Food76.jpg:[0.6, 0.8, 0.9, 0.8, 0.9]
Food77.jpg:[0.3, 0.6, 0.9, 0.9, 0.9]
Food78.jpg:[0.4, 0.8, 0.8, 0.8, 0.8]
Food79.jpg:[0.2, 0.4, 0.7, 0.7, 0.7]
Food8.jpg:[0.3, 0.7, 0.8, 0.8, 0.8]
Food80.jpg:[0.4, 0.8, 1.0, 1.0, 1.0]
Food81.jpg:[0.2, 0.4, 0.6, 0.7, 0.8]
Food82.jpg:[0.4, 0.8, 1.0, 0.9, 1.0]
Food83.jpg:[0.3, 0.8, 0.9, 1.0, 1.0]
Food84.jpg:[0.7, 1.0, 1.0, 1.0, 1.0]
Food85.jpg:[0.1, 0.3, 0.5, 0.9, 1.0]
Food86.jpg:[0.3, 0.7, 0.9, 0.9, 1.0]
Food87.jpg:[0.4, 0.7, 0.9, 0.8, 0.9]
Food88.jpg:[0.2, 0.2, 0.3, 0.7, 0.9]
Food89.jpg:[0.5, 0.7, 0.7, 0.8, 0.9]
Food9.jpg:[0.4, 0.8, 0.8, 0.9, 0.9]
Food90.jpg:[0.5, 0.8, 0.8, 0.8, 0.9]
Food91.jpg:[0.6, 0.8, 0.8, 0.8, 0.8]
Food92.jpg:[0.3, 0.9, 0.8, 0.9, 1.0]
Food93.jpg:[0.5, 0.9, 0.8, 1.0, 1.0]
Food94.jpg:[0.3, 0.8, 0.8, 0.9, 0.9]
Food95.jpg:[0.3, 0.3, 0.4, 0.6, 0.7]
Food96.jpg:[0.2, 0.5, 0.6, 0.6, 0.9]
Food97.jpg:[0.3, 0.5, 0.7, 1.0, 0.9]
Food98.jpg:[0.4, 0.6, 0.7, 0.6, 1.0]
Food99.jpg:[0.6, 0.8, 0.9, 0.9, 1.0]
Horses1.jpg:[0.7, 0.9, 1.0, 0.9, 0.9]
Horses10.jpg:[0.7, 1.0, 1.0, 1.0, 1.0]
Horses100.jpg:[0.7, 0.9, 1.0, 1.0, 1.0]
Horses11.jpg:[1.0, 1.0, 0.9, 0.9, 1.0]
Horses12.jpg:[0.6, 1.0, 1.0, 1.0, 1.0]
Horses13.jpg:[0.5, 0.7, 0.8, 1.0, 1.0]
Horses14.jpg:[1.0, 1.0, 1.0, 1.0, 1.0]
Horses15.jpg:[0.6, 0.7, 0.8, 0.9, 0.9]
Horses16.jpg:[0.7, 1.0, 1.0, 1.0, 1.0]
Horses17.jpg:[0.4, 0.8, 1.0, 1.0, 1.0]
Horses18.jpg:[0.9, 0.9, 1.0, 1.0, 1.0]
Horses19.jpg:[0.9, 1.0, 1.0, 1.0, 1.0]
Horses2.jpg:[0.5, 0.6, 1.0, 1.0, 1.0]
Horses20.jpg:[0.5, 0.5, 0.5, 0.7, 0.8]
Horses21.jpg:[0.8, 1.0, 1.0, 1.0, 1.0]
Horses22.jpg:[0.8, 1.0, 1.0, 1.0, 1.0]
Horses23.jpg:[0.8, 1.0, 1.0, 1.0, 1.0]
Horses24.jpg:[1.0, 1.0, 1.0, 1.0, 1.0]
Horses25.jpg:[0.9, 1.0, 1.0, 1.0, 1.0]
Horses26.jpg:[0.3, 0.7, 0.9, 0.9, 0.9]
Horses27.jpg:[0.8, 1.0, 1.0, 1.0, 1.0]
Horses28.jpg:[0.7, 0.8, 0.9, 0.9, 0.9]
Horses29.jpg:[0.4, 0.8, 1.0, 1.0, 1.0]
Horses3.jpg:[0.7, 0.8, 0.9, 0.9, 0.9]
Horses30.jpg:[0.4, 0.7, 0.9, 0.9, 1.0]
Horses31.jpg:[0.7, 1.0, 1.0, 1.0, 1.0]
Horses32.jpg:[0.2, 0.5, 0.9, 1.0, 1.0]
Horses33.jpg:[0.9, 1.0, 1.0, 1.0, 1.0]
Horses34.jpg:[0.9, 1.0, 1.0, 1.0, 1.0]
Horses35.jpg:[0.9, 0.9, 1.0, 1.0, 1.0]
Horses36.jpg:[1.0, 1.0, 1.0, 1.0, 1.0]
Horses37.jpg:[0.5, 0.9, 1.0, 1.0, 1.0]
Horses38.jpg:[0.7, 0.9, 0.9, 1.0, 1.0]
Horses39.jpg:[0.5, 0.5, 0.5, 0.7, 0.8]
Horses4.jpg:[0.3, 0.7, 1.0, 1.0, 1.0]
Horses40.jpg:[0.8, 0.9, 1.0, 1.0, 1.0]
Horses41.jpg:[0.9, 1.0, 1.0, 1.0, 1.0]
Horses42.jpg:[0.6, 0.9, 1.0, 1.0, 1.0]
Horses43.jpg:[0.9, 1.0, 1.0, 1.0, 1.0]
Horses44.jpg:[0.9, 1.0, 1.0, 1.0, 1.0]
Horses45.jpg:[0.4, 0.5, 0.5, 0.7, 0.8]
Horses46.jpg:[1.0, 1.0, 1.0, 1.0, 1.0]
Horses47.jpg:[0.6, 1.0, 0.9, 1.0, 1.0]
Horses48.jpg:[0.7, 1.0, 1.0, 1.0, 1.0]
Horses49.jpg:[0.8, 0.8, 0.9, 0.9, 0.9]
Horses5.jpg:[0.9, 1.0, 1.0, 1.0, 1.0]
Horses50.jpg:[0.7, 0.9, 1.0, 1.0, 1.0]
Horses51.jpg:[0.9, 1.0, 1.0, 1.0, 1.0]
Horses52.jpg:[0.7, 1.0, 1.0, 1.0, 1.0]
Horses53.jpg:[0.6, 0.9, 1.0, 1.0, 1.0]
Horses54.jpg:[0.8, 0.9, 1.0, 1.0, 1.0]
Horses55.jpg:[0.3, 0.4, 0.6, 0.7, 0.9]
Horses56.jpg:[0.4, 0.5, 0.5, 0.7, 0.8]
Horses57.jpg:[0.8, 0.9, 0.9, 1.0, 1.0]
Horses58.jpg:[0.9, 1.0, 0.9, 1.0, 1.0]
Horses59.jpg:[1.0, 1.0, 1.0, 1.0, 1.0]
Horses6.jpg:[0.3, 0.5, 0.8, 0.9, 1.0]
Horses60.jpg:[0.9, 1.0, 1.0, 1.0, 1.0]
Horses61.jpg:[1.0, 1.0, 1.0, 1.0, 1.0]
Horses62.jpg:[0.8, 0.9, 0.9, 0.9, 1.0]
Horses63.jpg:[0.8, 1.0, 1.0, 1.0, 1.0]
Horses64.jpg:[0.8, 0.9, 1.0, 1.0, 1.0]
Horses65.jpg:[0.4, 0.7, 0.8, 0.8, 0.8]
Horses66.jpg:[0.9, 1.0, 1.0, 1.0, 1.0]
Horses67.jpg:[0.8, 1.0, 1.0, 1.0, 1.0]
Horses68.jpg:[0.7, 0.9, 1.0, 1.0, 1.0]
Horses69.jpg:[1.0, 1.0, 1.0, 1.0, 1.0]
Horses7.jpg:[0.7, 0.8, 1.0, 1.0, 1.0]
Horses70.jpg:[0.9, 1.0, 1.0, 1.0, 1.0]
Horses71.jpg:[0.7, 1.0, 1.0, 1.0, 1.0]
Horses72.jpg:[0.7, 1.0, 1.0, 1.0, 1.0]
Horses73.jpg:[0.9, 1.0, 1.0, 1.0, 1.0]
Horses74.jpg:[0.8, 1.0, 1.0, 1.0, 1.0]
Horses75.jpg:[0.9, 0.9, 0.9, 1.0, 1.0]
Horses76.jpg:[0.1, 0.1, 0.1, 0.2, 0.3]
Horses77.jpg:[0.8, 0.8, 1.0, 1.0, 1.0]
Horses78.jpg:[1.0, 1.0, 1.0, 1.0, 1.0]
Horses79.jpg:[1.0, 1.0, 1.0, 1.0, 1.0]
Horses8.jpg:[1.0, 1.0, 1.0, 1.0, 1.0]
Horses80.jpg:[1.0, 1.0, 1.0, 1.0, 1.0]
Horses81.jpg:[0.9, 1.0, 1.0, 1.0, 1.0]
Horses82.jpg:[1.0, 1.0, 1.0, 1.0, 1.0]
Horses83.jpg:[0.5, 0.5, 0.6, 0.7, 0.9]
Horses84.jpg:[0.7, 1.0, 1.0, 1.0, 1.0]
Horses85.jpg:[0.9, 1.0, 1.0, 1.0, 1.0]
Horses86.jpg:[0.8, 0.9, 1.0, 1.0, 1.0]
Horses87.jpg:[1.0, 1.0, 1.0, 1.0, 1.0]
Horses88.jpg:[1.0, 1.0, 1.0, 1.0, 1.0]
Horses89.jpg:[0.5, 0.7, 0.9, 0.9, 0.9]
Horses9.jpg:[0.3, 0.4, 0.6, 0.7, 0.9]
Horses90.jpg:[0.9, 1.0, 1.0, 1.0, 1.0]
Horses91.jpg:[1.0, 1.0, 1.0, 1.0, 1.0]
Horses92.jpg:[0.8, 0.9, 1.0, 1.0, 1.0]
Horses93.jpg:[1.0, 1.0, 1.0, 1.0, 1.0]
Horses94.jpg:[0.8, 0.9, 1.0, 1.0, 1.0]
Horses95.jpg:[0.8, 1.0, 1.0, 1.0, 1.0]
Horses96.jpg:[0.9, 0.9, 1.0, 1.0, 1.0]
Horses97.jpg:[0.8, 0.9, 1.0, 1.0, 1.0]
Horses98.jpg:[0.4, 0.8, 0.9, 1.0, 1.0]
Horses99.jpg:[0.9, 1.0, 1.0, 1.0, 1.0]
Mountains1.jpg:[0.1, 0.2, 0.2, 0.2, 0.2]
Mountains10.jpg:[0.3, 0.3, 0.3, 0.5, 0.6]
Mountains100.jpg:[0.1, 0.5, 0.5, 0.6, 0.6]
Mountains11.jpg:[0.1, 0.3, 0.3, 0.4, 0.4]
Mountains12.jpg:[0.2, 0.4, 0.4, 0.4, 0.4]
Mountains13.jpg:[0.1, 0.3, 0.4, 0.5, 0.5]
Mountains14.jpg:[0.2, 0.2, 0.4, 0.4, 0.5]
Mountains15.jpg:[0.2, 0.4, 0.5, 0.6, 0.7]
Mountains16.jpg:[0.1, 0.2, 0.2, 0.3, 0.5]
Mountains17.jpg:[0.3, 0.6, 0.5, 0.5, 0.5]
Mountains18.jpg:[0.1, 0.2, 0.3, 0.4, 0.5]
Mountains19.jpg:[0.1, 0.2, 0.3, 0.5, 0.5]
Mountains2.jpg:[0.2, 0.2, 0.2, 0.4, 0.4]
Mountains20.jpg:[0.3, 0.3, 0.4, 0.6, 0.7]
Mountains21.jpg:[0.1, 0.5, 0.5, 0.5, 0.6]
Mountains22.jpg:[0.2, 0.4, 0.4, 0.5, 0.5]
Mountains23.jpg:[0.3, 0.4, 0.5, 0.6, 0.7]
Mountains24.jpg:[0.1, 0.2, 0.2, 0.3, 0.3]
Mountains25.jpg:[0.1, 0.3, 0.3, 0.3, 0.3]
Mountains26.jpg:[0.1, 0.1, 0.1, 0.1, 0.1]
Mountains27.jpg:[0.4, 0.4, 0.5, 0.5, 0.6]
Mountains28.jpg:[0.2, 0.3, 0.3, 0.5, 0.6]
Mountains29.jpg:[0.1, 0.2, 0.3, 0.4, 0.4]
Mountains3.jpg:[0.1, 0.3, 0.4, 0.4, 0.4]
Mountains30.jpg:[0.1, 0.2, 0.3, 0.3, 0.5]
Mountains31.jpg:[0.2, 0.2, 0.2, 0.2, 0.3]
Mountains32.jpg:[0.4, 0.5, 0.5, 0.6, 0.6]
Mountains33.jpg:[0.1, 0.2, 0.3, 0.3, 0.3]
Mountains34.jpg:[0.3, 0.4, 0.4, 0.4, 0.4]
Mountains35.jpg:[0.3, 0.4, 0.4, 0.6, 0.6]
Mountains36.jpg:[0.5, 0.5, 0.5, 0.5, 0.5]
Mountains37.jpg:[0.1, 0.4, 0.5, 0.5, 0.5]
Mountains38.jpg:[0.1, 0.2, 0.4, 0.4, 0.4]
Mountains39.jpg:[0.4, 0.5, 0.5, 0.6, 0.7]
Mountains4.jpg:[0.2, 0.3, 0.3, 0.3, 0.3]
Mountains40.jpg:[0.3, 0.4, 0.5, 0.4, 0.5]
Mountains41.jpg:[0.1, 0.1, 0.3, 0.4, 0.4]
Mountains42.jpg:[0.3, 0.5, 0.6, 0.6, 0.6]
Mountains43.jpg:[0.3, 0.3, 0.3, 0.4, 0.6]
Mountains44.jpg:[0.5, 0.5, 0.6, 0.5, 0.6]
Mountains45.jpg:[0.3, 0.5, 0.5, 0.5, 0.5]
Mountains46.jpg:[0.1, 0.2, 0.2, 0.2, 0.3]
Mountains47.jpg:[0.2, 0.4, 0.4, 0.4, 0.4]
Mountains48.jpg:[0.2, 0.5, 0.7, 0.7, 0.8]
Mountains49.jpg:[0.3, 0.3, 0.3, 0.4, 0.5]
Mountains5.jpg:[0.2, 0.3, 0.4, 0.5, 0.5]
Mountains50.jpg:[0.3, 0.3, 0.3, 0.4, 0.7]
Mountains51.jpg:[0.4, 0.4, 0.4, 0.6, 0.6]
Mountains52.jpg:[0.1, 0.2, 0.3, 0.4, 0.5]
Mountains53.jpg:[0.4, 0.5, 0.5, 0.5, 0.7]
Mountains54.jpg:[0.2, 0.2, 0.4, 0.4, 0.5]
Mountains55.jpg:[0.2, 0.3, 0.3, 0.3, 0.3]
Mountains56.jpg:[0.1, 0.3, 0.3, 0.3, 0.4]
Mountains57.jpg:[0.1, 0.4, 0.3, 0.3, 0.4]
Mountains58.jpg:[0.1, 0.4, 0.6, 0.5, 0.6]
Mountains59.jpg:[0.3, 0.4, 0.4, 0.4, 0.5]
Mountains6.jpg:[0.2, 0.2, 0.4, 0.4, 0.5]
Mountains60.jpg:[0.1, 0.4, 0.5, 0.5, 0.5]
Mountains61.jpg:[0.1, 0.4, 0.4, 0.4, 0.4]
Mountains62.jpg:[0.2, 0.3, 0.3, 0.3, 0.5]
Mountains63.jpg:[0.1, 0.2, 0.2, 0.2, 0.3]
Mountains64.jpg:[0.1, 0.4, 0.4, 0.5, 0.6]
Mountains65.jpg:[0.1, 0.1, 0.4, 0.4, 0.4]
Mountains66.jpg:[0.6, 0.6, 0.6, 0.7, 0.7]
Mountains67.jpg:[0.3, 0.4, 0.4, 0.4, 0.5]
Mountains68.jpg:[0.1, 0.2, 0.3, 0.7, 0.6]
Mountains69.jpg:[0.4, 0.5, 0.4, 0.4, 0.4]
Mountains7.jpg:[0.2, 0.2, 0.2, 0.2, 0.3]
Mountains70.jpg:[0.5, 0.5, 0.6, 0.6, 0.7]
Mountains71.jpg:[0.1, 0.3, 0.3, 0.3, 0.4]
Mountains72.jpg:[0.1, 0.3, 0.3, 0.3, 0.3]
Mountains73.jpg:[0.2, 0.3, 0.3, 0.3, 0.5]
Mountains74.jpg:[0.2, 0.3, 0.3, 0.4, 0.4]
Mountains75.jpg:[0.3, 0.3, 0.4, 0.5, 0.5]
Mountains76.jpg:[0.2, 0.3, 0.3, 0.3, 0.3]
Mountains77.jpg:[0.4, 0.4, 0.4, 0.4, 0.4]
Mountains78.jpg:[0.1, 0.5, 0.5, 0.5, 0.5]
Mountains79.jpg:[0.2, 0.2, 0.2, 0.3, 0.3]
Mountains8.jpg:[0.3, 0.4, 0.4, 0.4, 0.4]
Mountains80.jpg:[0.2, 0.2, 0.3, 0.4, 0.4]
Mountains81.jpg:[0.2, 0.3, 0.3, 0.4, 0.4]
Mountains82.jpg:[0.2, 0.2, 0.2, 0.2, 0.2]
Mountains83.jpg:[0.2, 0.3, 0.3, 0.3, 0.3]
Mountains84.jpg:[0.1, 0.2, 0.2, 0.2, 0.3]
Mountains85.jpg:[0.2, 0.2, 0.2, 0.2, 0.2]
Mountains86.jpg:[0.2, 0.4, 0.5, 0.6, 0.7]
Mountains87.jpg:[0.3, 0.3, 0.3, 0.3, 0.3]
Mountains88.jpg:[0.1, 0.2, 0.2, 0.2, 0.2]
Mountains89.jpg:[0.1, 0.1, 0.2, 0.4, 0.4]
Mountains9.jpg:[0.2, 0.2, 0.2, 0.2, 0.5]
Mountains90.jpg:[0.4, 0.4, 0.4, 0.5, 0.5]
Mountains91.jpg:[0.2, 0.2, 0.2, 0.3, 0.3]
Mountains92.jpg:[0.1, 0.1, 0.3, 0.3, 0.3]
Mountains93.jpg:[0.1, 0.2, 0.3, 0.6, 0.7]
Mountains94.jpg:[0.1, 0.1, 0.1, 0.1, 0.2]
Mountains95.jpg:[0.1, 0.2, 0.2, 0.2, 0.2]
Mountains96.jpg:[0.1, 0.1, 0.2, 0.3, 0.3]
Mountains97.jpg:[0.1, 0.4, 0.5, 0.5, 0.5]
Mountains98.jpg:[0.2, 0.3, 0.3, 0.3, 0.3]
Mountains99.jpg:[0.4, 0.4, 0.4, 0.5, 0.5]
