Africa56.jpg:[0.8, 1.0, 0.9, 1.0, 0.6]
Buildings74.jpg:[0.3, 0.4, 0.4, 0.6, 0.6]
Horses24.jpg:[1.0, 0.8, 0.9, 0.9, 0.9]
Beach2.jpg:[0.2, 0.3, 0.4, 0.5, 0.5]
Buses10.jpg:[0.4, 0.5, 0.8, 0.8, 0.9]
Flowers15.jpg:[1.0, 1.0, 1.0, 1.0, 0.9]
Flowers54.jpg:[1.0, 1.0, 1.0, 1.0, 1.0]
Buildings50.jpg:[0.2, 0.3, 0.4, 0.4, 0.4]
Food22.jpg:[0.4, 0.4, 0.5, 0.5, 0.5]
Buses59.jpg:[0.5, 0.5, 0.6, 0.7, 0.7]
Buses77.jpg:[0.5, 1.0, 0.4, 0.9, 1.0]
Flowers51.jpg:[0.2, 0.5, 0.6, 0.6, 0.6]
Flowers64.jpg:[0.6, 0.6, 0.8, 0.7, 0.8]
Mountains43.jpg:[0.3, 0.3, 0.4, 0.4, 0.4]
Mountains69.jpg:[0.4, 0.5, 0.6, 0.6, 0.7]
Beach76.jpg:[0.1, 0.1, 0.1, 0.1, 0.2]
Flowers48.jpg:[1.0, 1.0, 1.0, 1.0, 1.0]
Horses44.jpg:[0.9, 1.0, 0.8, 0.9, 1.0]
Buses98.jpg:[0.7, 0.8, 0.9, 0.9, 1.0]
Africa90.jpg:[0.7, 1.0, 0.9, 1.0, 0.4]
Food27.jpg:[0.6, 0.7, 0.6, 0.6, 0.6]
Beach61.jpg:[0.1, 0.1, 0.1, 0.1, 0.1]
Buses36.jpg:[0.7, 0.8, 0.8, 0.8, 0.8]
Food83.jpg:[0.3, 0.6, 0.8, 0.9, 0.7]
Flowers95.jpg:[0.1, 0.1, 0.1, 0.1, 0.1]
Flowers19.jpg:[0.7, 1.0, 0.9, 1.0, 1.0]
Elephants92.jpg:[0.3, 0.5, 0.8, 0.6, 0.8]
Mountains89.jpg:[0.1, 0.1, 0.1, 0.1, 0.1]
Buses18.jpg:[0.4, 0.8, 0.8, 0.8, 0.8]
Dinosaurs22.jpg:[1.0, 1.0, 1.0, 1.0, 1.0]
Horses88.jpg:[1.0, 0.9, 1.0, 0.7, 1.0]
Dinosaurs34.jpg:[1.0, 1.0, 1.0, 1.0, 1.0]
Africa88.jpg:[0.4, 0.6, 0.7, 0.9, 0.4]
Africa9.jpg:[0.8, 1.0, 0.7, 0.8, 0.9]
Flowers68.jpg:[0.3, 0.4, 0.6, 0.4, 0.6]
Buses53.jpg:[0.7, 0.8, 0.9, 1.0, 0.3]
Elephants40.jpg:[0.7, 0.7, 0.8, 0.7, 0.8]
Food2.jpg:[0.2, 0.3, 0.3, 0.2, 0.3]
Elephants88.jpg:[0.3, 0.4, 0.4, 0.4, 0.4]
Mountains46.jpg:[0.1, 0.2, 0.2, 0.2, 0.3]
Dinosaurs74.jpg:[1.0, 1.0, 1.0, 1.0, 1.0]
Africa83.jpg:[1.0, 0.8, 1.0, 0.8, 0.7]
Food67.jpg:[0.5, 0.7, 0.8, 0.8, 0.8]
Elephants8.jpg:[0.6, 0.7, 0.8, 0.8, 0.7]
Flowers84.jpg:[0.2, 0.3, 0.7, 0.8, 0.4]
Beach19.jpg:[0.2, 0.4, 0.6, 0.6, 0.4]
Buildings36.jpg:[0.4, 0.8, 0.7, 0.6, 0.9]
Buildings1.jpg:[0.4, 0.7, 0.8, 0.9, 0.7]
Beach9.jpg:[0.5, 0.6, 0.6, 0.6, 0.6]
Beach94.jpg:[0.1, 0.1, 0.2, 0.3, 0.4]
Flowers26.jpg:[1.0, 1.0, 1.0, 0.9, 1.0]
Food1.jpg:[0.5, 0.8, 0.6, 0.8, 0.9]
Food23.jpg:[0.5, 0.7, 0.6, 0.7, 0.7]
Horses70.jpg:[0.9, 1.0, 0.8, 1.0, 0.8]
Elephants61.jpg:[0.8, 0.8, 0.9, 0.6, 0.9]
Mountains73.jpg:[0.2, 0.5, 0.8, 0.6, 0.4]
Dinosaurs93.jpg:[1.0, 1.0, 1.0, 1.0, 1.0]
Buses49.jpg:[0.2, 0.4, 0.7, 0.7, 0.9]
Africa50.jpg:[0.6, 0.9, 0.8, 0.7, 0.9]
Horses84.jpg:[0.7, 1.0, 1.0, 0.7, 0.8]
Beach33.jpg:[0.2, 0.3, 0.4, 0.4, 0.5]
Elephants28.jpg:[0.9, 0.9, 0.9, 0.9, 0.9]
Buildings6.jpg:[0.4, 0.7, 0.8, 0.9, 0.6]
Mountains31.jpg:[0.2, 0.2, 0.2, 0.4, 0.4]
Horses12.jpg:[0.6, 0.9, 0.9, 0.9, 0.8]
Buses51.jpg:[0.6, 0.8, 0.9, 0.7, 1.0]
Buses78.jpg:[0.2, 0.6, 0.8, 1.0, 0.8]
Beach51.jpg:[0.2, 0.2, 0.3, 0.6, 0.8]
Buildings2.jpg:[0.4, 0.8, 0.9, 0.7, 0.7]
Buses50.jpg:[0.4, 0.4, 0.5, 0.7, 0.8]
Buildings28.jpg:[0.5, 0.7, 0.8, 0.9, 0.8]
Mountains34.jpg:[0.3, 0.3, 0.4, 0.4, 0.4]
Beach75.jpg:[0.2, 0.3, 0.4, 0.4, 0.4]
Horses80.jpg:[1.0, 0.9, 0.8, 1.0, 0.5]
Elephants65.jpg:[0.8, 0.9, 0.9, 0.9, 1.0]
Dinosaurs61.jpg:[1.0, 1.0, 1.0, 1.0, 1.0]
Food56.jpg:[0.7, 0.9, 0.9, 0.5, 0.9]
Africa80.jpg:[1.0, 0.8, 1.0, 0.5, 0.7]
Food34.jpg:[0.6, 0.7, 0.7, 0.8, 0.8]
Mountains16.jpg:[0.1, 0.1, 0.1, 0.1, 0.2]
Buildings40.jpg:[0.4, 0.6, 0.7, 0.7, 1.0]
Elephants82.jpg:[0.3, 0.4, 0.5, 0.7, 0.9]
Flowers94.jpg:[0.2, 0.2, 0.2, 0.3, 0.3]
Buses75.jpg:[0.2, 0.5, 0.9, 1.0, 0.5]
Elephants91.jpg:[0.7, 0.9, 0.7, 1.0, 0.7]
Flowers55.jpg:[0.2, 0.2, 0.2, 0.2, 0.3]
Dinosaurs18.jpg:[1.0, 1.0, 1.0, 1.0, 1.0]
Horses91.jpg:[1.0, 0.9, 0.9, 1.0, 0.7]
Buses15.jpg:[0.1, 0.1, 0.2, 0.2, 0.2]
Mountains61.jpg:[0.1, 0.2, 0.3, 0.4, 0.4]
Dinosaurs35.jpg:[1.0, 1.0, 1.0, 1.0, 1.0]
Elephants21.jpg:[0.2, 0.4, 0.4, 0.4, 0.4]
Beach15.jpg:[0.1, 0.1, 0.2, 0.2, 0.2]
Food73.jpg:[0.1, 0.2, 0.2, 0.2, 0.2]
Food74.jpg:[0.2, 0.2, 0.4, 0.4, 0.4]
Elephants73.jpg:[0.7, 0.9, 0.7, 0.9, 0.4]
Dinosaurs65.jpg:[1.0, 1.0, 1.0, 1.0, 1.0]
Flowers5.jpg:[1.0, 1.0, 1.0, 1.0, 1.0]
Horses58.jpg:[0.9, 0.8, 1.0, 0.9, 1.0]
Buses85.jpg:[0.1, 0.2, 0.3, 0.3, 0.3]
Horses2.jpg:[0.5, 0.8, 0.9, 1.0, 0.8]
Africa75.jpg:[0.6, 0.9, 0.9, 1.0, 0.8]
Dinosaurs84.jpg:[1.0, 1.0, 1.0, 1.0, 1.0]
Dinosaurs66.jpg:[1.0, 1.0, 1.0, 1.0, 1.0]
Buildings55.jpg:[0.2, 0.3, 0.4, 0.4, 0.5]
Buildings63.jpg:[0.4, 0.4, 0.5, 0.6, 0.7]
Mountains44.jpg:[0.5, 0.6, 0.7, 0.7, 0.7]
Elephants83.jpg:[0.3, 0.5, 0.6, 0.7, 0.7]
Beach50.jpg:[0.3, 0.6, 0.6, 0.6, 0.6]
Dinosaurs46.jpg:[1.0, 1.0, 1.0, 1.0, 1.0]
Buildings86.jpg:[0.7, 0.7, 0.9, 0.8, 0.9]
Africa65.jpg:[0.7, 0.7, 1.0, 0.8, 0.9]
Buses46.jpg:[0.2, 0.2, 0.3, 0.4, 0.5]
Buildings43.jpg:[0.1, 0.2, 0.5, 0.6, 0.7]
Horses97.jpg:[0.8, 0.9, 0.9, 1.0, 1.0]
Food84.jpg:[0.7, 0.9, 0.7, 0.7, 0.9]
Horses95.jpg:[0.8, 0.9, 1.0, 0.9, 1.0]
Beach95.jpg:[0.3, 0.5, 0.6, 0.6, 0.6]
Horses8.jpg:[1.0, 0.9, 0.9, 1.0, 0.9]
Flowers52.jpg:[0.6, 0.9, 0.9, 1.0, 1.0]
Beach43.jpg:[0.3, 0.3, 0.3, 0.4, 0.4]
Buses55.jpg:[0.4, 0.6, 0.6, 0.6, 0.7]
Elephants95.jpg:[0.3, 0.4, 0.4, 0.6, 0.4]
Buildings95.jpg:[0.9, 0.7, 0.9, 1.0, 0.8]
Buildings88.jpg:[0.4, 0.6, 0.8, 0.7, 0.9]
Buildings44.jpg:[0.7, 0.6, 0.8, 0.8, 0.9]
Buses76.jpg:[0.7, 0.8, 0.7, 0.8, 0.8]
Buses30.jpg:[0.7, 0.9, 0.8, 0.7, 1.0]
Buses11.jpg:[0.6, 0.6, 0.7, 0.9, 0.8]
Elephants20.jpg:[0.2, 0.5, 0.5, 0.6, 0.7]
Buildings49.jpg:[0.4, 0.6, 0.8, 0.5, 0.7]
Flowers73.jpg:[0.4, 0.9, 0.9, 0.9, 0.9]
Africa61.jpg:[0.2, 0.5, 0.5, 0.7, 0.9]
Flowers81.jpg:[0.2, 0.3, 0.3, 0.4, 0.5]
Beach86.jpg:[0.2, 0.3, 0.4, 0.4, 0.4]
Elephants32.jpg:[0.3, 0.5, 0.7, 0.8, 0.7]
Elephants86.jpg:[0.6, 0.8, 0.9, 0.7, 0.7]
Buildings19.jpg:[0.6, 0.7, 0.7, 0.7, 1.0]
Dinosaurs1.jpg:[1.0, 1.0, 1.0, 1.0, 1.0]
Africa67.jpg:[0.6, 0.9, 0.8, 1.0, 0.7]
Dinosaurs38.jpg:[1.0, 1.0, 1.0, 1.0, 1.0]
Flowers56.jpg:[0.9, 0.9, 0.9, 0.9, 1.0]
Horses71.jpg:[0.7, 0.8, 0.9, 1.0, 0.9]
Horses36.jpg:[1.0, 0.9, 0.8, 0.9, 1.0]
Africa72.jpg:[0.2, 0.2, 0.2, 0.2, 0.2]
Beach45.jpg:[0.1, 0.1, 0.1, 0.1, 0.1]
Dinosaurs44.jpg:[1.0, 1.0, 1.0, 1.0, 1.0]
Flowers43.jpg:[1.0, 0.9, 0.9, 1.0, 1.0]
Horses75.jpg:[0.9, 0.9, 1.0, 1.0, 0.8]
Flowers7.jpg:[0.5, 0.7, 1.0, 0.9, 1.0]
Mountains49.jpg:[0.3, 0.3, 0.5, 0.7, 0.6]
Elephants19.jpg:[0.7, 0.9, 0.8, 0.7, 1.0]
Elephants60.jpg:[0.4, 0.4, 0.5, 0.6, 0.7]
Africa66.jpg:[0.5, 0.8, 0.8, 1.0, 0.8]
Dinosaurs75.jpg:[1.0, 1.0, 1.0, 1.0, 1.0]
Food17.jpg:[0.3, 0.3, 0.3, 0.3, 0.3]
Elephants30.jpg:[0.8, 1.0, 0.5, 0.7, 0.8]
Beach64.jpg:[0.5, 0.6, 0.5, 0.6, 0.7]
Elephants33.jpg:[0.5, 0.6, 0.8, 0.9, 0.6]
Buses3.jpg:[0.3, 0.6, 0.9, 0.9, 1.0]
Horses76.jpg:[0.1, 0.1, 0.1, 0.1, 0.1]
Food55.jpg:[0.7, 0.9, 0.7, 0.9, 1.0]
Buildings77.jpg:[0.3, 0.6, 0.7, 0.7, 0.9]
Beach34.jpg:[0.2, 0.3, 0.3, 0.4, 0.5]
Dinosaurs95.jpg:[1.0, 1.0, 1.0, 1.0, 1.0]
Mountains98.jpg:[0.2, 0.3, 0.3, 0.4, 0.4]
Africa1.jpg:[0.6, 0.8, 0.9, 0.9, 0.8]
Flowers58.jpg:[0.4, 0.6, 0.7, 0.7, 0.7]
Buses27.jpg:[0.6, 0.8, 1.0, 0.6, 0.9]
Beach58.jpg:[0.2, 0.4, 0.4, 0.4, 0.6]
Flowers14.jpg:[1.0, 1.0, 0.7, 1.0, 1.0]
Dinosaurs67.jpg:[1.0, 1.0, 1.0, 1.0, 1.0]
Beach46.jpg:[0.3, 0.4, 0.4, 0.4, 0.5]
Buildings13.jpg:[0.1, 0.1, 0.2, 0.6, 0.8]
Flowers29.jpg:[0.9, 1.0, 1.0, 1.0, 0.9]
Buses16.jpg:[0.5, 0.6, 0.9, 0.8, 1.0]
Buses60.jpg:[0.2, 0.3, 0.3, 0.3, 0.3]
Buildings60.jpg:[0.2, 0.3, 0.5, 0.8, 0.6]
Food61.jpg:[0.6, 0.8, 0.8, 0.9, 0.6]
Buildings23.jpg:[0.6, 0.7, 0.7, 0.7, 0.7]
Horses74.jpg:[0.8, 0.9, 0.8, 1.0, 1.0]
Flowers20.jpg:[0.4, 0.4, 0.7, 0.7, 0.8]
Africa16.jpg:[0.7, 1.0, 0.7, 0.8, 1.0]
Beach59.jpg:[0.6, 0.6, 0.6, 0.7, 0.8]
Africa6.jpg:[1.0, 0.4, 0.9, 1.0, 0.5]
Elephants41.jpg:[0.9, 0.7, 1.0, 0.5, 0.5]
Food95.jpg:[0.3, 0.3, 0.3, 0.3, 0.3]
Mountains36.jpg:[0.5, 0.4, 0.4, 0.3, 0.3]
Food8.jpg:[0.3, 0.5, 0.7, 0.8, 0.8]
Dinosaurs50.jpg:[1.0, 1.0, 1.0, 1.0, 1.0]
Buildings96.jpg:[0.2, 0.3, 0.4, 0.4, 0.4]
Elephants66.jpg:[0.2, 0.3, 0.4, 0.5, 0.6]
Buildings81.jpg:[0.6, 0.9, 0.6, 0.8, 0.7]
Buses89.jpg:[0.3, 0.6, 0.8, 0.9, 0.8]
Food25.jpg:[0.4, 0.6, 0.6, 0.6, 0.6]
Mountains70.jpg:[0.5, 0.7, 0.6, 0.8, 0.7]
Buses20.jpg:[0.4, 0.9, 0.4, 0.8, 1.0]
Dinosaurs16.jpg:[0.8, 1.0, 1.0, 1.0, 1.0]
Food72.jpg:[0.2, 0.2, 0.3, 0.4, 0.5]
Food78.jpg:[0.4, 0.7, 0.9, 0.4, 0.6]
Dinosaurs27.jpg:[1.0, 1.0, 1.0, 1.0, 1.0]
Horses34.jpg:[0.9, 0.9, 0.8, 1.0, 0.7]
Africa39.jpg:[0.5, 0.6, 0.7, 1.0, 0.9]
Horses5.jpg:[0.9, 0.9, 1.0, 0.9, 1.0]
Horses86.jpg:[0.8, 1.0, 0.9, 1.0, 0.9]
Horses90.jpg:[0.9, 1.0, 1.0, 0.7, 0.8]
Buses42.jpg:[0.5, 0.7, 0.8, 0.5, 1.0]
Africa46.jpg:[0.8, 0.9, 1.0, 0.7, 0.8]
Elephants48.jpg:[0.5, 0.7, 0.8, 0.7, 1.0]
Africa24.jpg:[0.4, 0.7, 1.0, 0.6, 0.8]
Horses52.jpg:[0.7, 0.8, 0.9, 1.0, 0.8]
Africa96.jpg:[0.6, 0.7, 0.9, 0.8, 0.8]
Africa70.jpg:[0.2, 0.3, 0.3, 0.3, 0.3]
Buildings89.jpg:[0.6, 0.6, 1.0, 0.8, 0.9]
Mountains28.jpg:[0.2, 0.5, 0.5, 0.6, 0.6]
Dinosaurs20.jpg:[1.0, 1.0, 1.0, 1.0, 1.0]
Beach18.jpg:[0.2, 0.2, 0.3, 0.4, 0.5]
Food7.jpg:[0.5, 0.6, 0.8, 0.8, 0.7]
Buses63.jpg:[0.5, 0.5, 0.6, 0.8, 0.8]
Buses35.jpg:[0.5, 0.9, 0.7, 1.0, 0.8]
Flowers38.jpg:[0.6, 0.9, 1.0, 0.9, 1.0]
Buses17.jpg:[0.8, 0.8, 1.0, 0.8, 0.9]
Elephants38.jpg:[0.5, 0.8, 0.8, 0.9, 0.9]
Buildings93.jpg:[0.1, 0.1, 0.1, 0.1, 0.1]
Beach65.jpg:[0.3, 0.3, 0.5, 0.5, 0.7]
Mountains38.jpg:[0.1, 0.1, 0.1, 0.1, 0.1]
Elephants15.jpg:[0.4, 0.4, 0.5, 0.4, 0.4]
Mountains62.jpg:[0.2, 0.2, 0.4, 0.5, 0.5]
Buildings5.jpg:[0.5, 0.7, 0.6, 0.8, 0.8]
Dinosaurs36.jpg:[1.0, 1.0, 1.0, 1.0, 1.0]
Buses80.jpg:[0.5, 0.8, 0.8, 0.9, 0.9]
Food59.jpg:[0.6, 0.8, 0.8, 0.5, 0.8]
Africa84.jpg:[0.8, 1.0, 0.9, 1.0, 0.7]
Flowers49.jpg:[1.0, 1.0, 0.9, 1.0, 1.0]
Buildings41.jpg:[0.1, 0.1, 0.2, 0.4, 0.4]
Horses87.jpg:[1.0, 0.9, 0.7, 1.0, 0.6]
Flowers96.jpg:[0.1, 0.1, 0.1, 0.1, 0.1]
Beach40.jpg:[0.5, 0.6, 0.8, 0.7, 0.8]
Buses29.jpg:[0.1, 0.3, 0.3, 0.3, 0.5]
Africa95.jpg:[0.9, 1.0, 0.7, 0.8, 0.9]
Dinosaurs60.jpg:[1.0, 1.0, 1.0, 1.0, 1.0]
Beach27.jpg:[0.4, 0.6, 0.6, 0.8, 0.8]
Flowers9.jpg:[0.2, 0.2, 0.3, 0.5, 0.8]
Flowers45.jpg:[1.0, 1.0, 1.0, 1.0, 1.0]
Flowers40.jpg:[0.3, 0.5, 1.0, 0.8, 1.0]
Africa20.jpg:[0.8, 0.9, 1.0, 0.8, 0.9]
Africa78.jpg:[0.2, 0.2, 0.2, 0.2, 0.2]
Horses18.jpg:[0.9, 0.9, 0.9, 0.9, 0.8]
Dinosaurs89.jpg:[1.0, 1.0, 1.0, 1.0, 1.0]
Elephants54.jpg:[0.7, 0.8, 0.9, 0.9, 0.9]
Food46.jpg:[0.8, 0.8, 0.8, 0.7, 0.8]
Beach99.jpg:[0.4, 0.5, 0.5, 0.6, 0.6]
Flowers11.jpg:[0.6, 0.5, 0.6, 0.6, 0.8]
Mountains50.jpg:[0.3, 0.4, 0.5, 0.5, 0.6]
Food10.jpg:[0.3, 0.4, 0.3, 0.4, 0.6]
Elephants18.jpg:[0.3, 0.4, 0.5, 0.5, 0.7]
Dinosaurs24.jpg:[1.0, 1.0, 1.0, 1.0, 1.0]
Horses57.jpg:[0.8, 0.8, 0.8, 0.9, 0.9]
Dinosaurs73.jpg:[1.0, 1.0, 1.0, 1.0, 1.0]
Horses13.jpg:[0.5, 0.7, 0.9, 1.0, 0.7]
Beach80.jpg:[0.3, 0.4, 0.5, 0.7, 0.8]
Flowers31.jpg:[0.8, 0.8, 0.9, 1.0, 0.8]
Mountains22.jpg:[0.2, 0.3, 0.5, 0.5, 0.6]
Beach17.jpg:[0.3, 0.3, 0.3, 0.4, 0.4]
Dinosaurs88.jpg:[1.0, 1.0, 1.0, 1.0, 1.0]
Flowers63.jpg:[0.7, 0.9, 0.6, 0.9, 1.0]
Buses94.jpg:[0.2, 0.5, 0.8, 0.9, 0.9]
Africa41.jpg:[0.9, 1.0, 0.6, 0.8, 1.0]
Africa22.jpg:[0.9, 0.8, 1.0, 0.6, 0.8]
Africa33.jpg:[0.9, 1.0, 0.9, 1.0, 0.7]
Dinosaurs72.jpg:[1.0, 1.0, 1.0, 1.0, 1.0]
Flowers6.jpg:[0.3, 0.7, 1.0, 1.0, 1.0]
Buildings97.jpg:[0.2, 0.3, 0.4, 0.4, 0.4]
Mountains51.jpg:[0.4, 0.6, 0.5, 0.5, 0.6]
Dinosaurs80.jpg:[1.0, 1.0, 1.0, 1.0, 1.0]
Mountains2.jpg:[0.2, 0.4, 0.4, 0.5, 0.5]
Dinosaurs98.jpg:[1.0, 1.0, 1.0, 1.0, 1.0]
Beach11.jpg:[0.1, 0.2, 0.2, 0.4, 0.5]
Mountains45.jpg:[0.3, 0.5, 0.6, 0.5, 0.7]
Africa43.jpg:[0.7, 0.7, 1.0, 0.9, 0.9]
Buildings73.jpg:[0.4, 0.6, 0.6, 0.7, 0.8]
Food6.jpg:[0.3, 0.4, 0.4, 0.4, 0.4]
Food79.jpg:[0.2, 0.5, 0.5, 0.6, 0.6]
Flowers22.jpg:[0.4, 0.8, 1.0, 1.0, 1.0]
Elephants68.jpg:[0.4, 0.4, 0.5, 0.5, 0.5]
Horses43.jpg:[0.9, 1.0, 1.0, 0.9, 0.8]
Flowers80.jpg:[0.6, 0.8, 0.9, 1.0, 1.0]
Beach35.jpg:[0.1, 0.2, 0.4, 0.4, 0.4]
Horses7.jpg:[0.7, 0.7, 1.0, 0.9, 1.0]
Horses28.jpg:[0.7, 0.8, 1.0, 0.8, 0.9]
Dinosaurs77.jpg:[1.0, 1.0, 1.0, 1.0, 1.0]
Horses77.jpg:[0.8, 0.8, 0.8, 0.9, 1.0]
Dinosaurs17.jpg:[1.0, 1.0, 1.0, 1.0, 1.0]
Elephants87.jpg:[0.8, 0.8, 0.8, 0.7, 0.9]
Africa48.jpg:[0.7, 1.0, 0.9, 1.0, 0.7]
Flowers46.jpg:[0.7, 0.8, 0.8, 0.8, 0.9]
Dinosaurs21.jpg:[1.0, 1.0, 1.0, 1.0, 1.0]
Buildings11.jpg:[0.2, 0.2, 0.2, 0.2, 0.2]
Flowers47.jpg:[0.5, 0.6, 0.5, 0.6, 0.7]
Africa85.jpg:[0.9, 0.7, 1.0, 0.8, 0.9]
Buildings98.jpg:[0.4, 0.7, 0.5, 0.7, 0.8]
Elephants13.jpg:[0.2, 0.4, 0.4, 0.4, 0.4]
Food100.jpg:[0.4, 0.4, 0.4, 0.5, 0.5]
Africa10.jpg:[0.9, 1.0, 0.9, 0.9, 1.0]
Mountains37.jpg:[0.1, 0.3, 0.4, 0.6, 0.6]
Beach13.jpg:[0.2, 0.3, 0.4, 0.4, 0.4]
Food35.jpg:[0.5, 0.7, 0.7, 1.0, 0.1]
Food20.jpg:[0.7, 0.8, 0.8, 0.7, 1.0]
Food85.jpg:[0.1, 0.1, 0.1, 0.2, 0.3]
Beach25.jpg:[0.1, 0.1, 0.2, 0.2, 0.2]
Dinosaurs81.jpg:[1.0, 1.0, 1.0, 1.0, 1.0]
Buildings52.jpg:[0.5, 0.8, 0.7, 0.9, 0.6]
Buses93.jpg:[0.6, 0.6, 0.8, 0.8, 0.6]
Elephants1.jpg:[0.8, 1.0, 0.8, 1.0, 0.5]
Africa15.jpg:[0.6, 0.7, 0.9, 0.9, 1.0]
Dinosaurs37.jpg:[1.0, 1.0, 1.0, 1.0, 1.0]
Horses46.jpg:[1.0, 1.0, 0.6, 0.8, 1.0]
Buildings17.jpg:[0.5, 0.5, 0.5, 0.5, 0.6]
Flowers82.jpg:[0.5, 0.8, 1.0, 1.0, 1.0]
Horses98.jpg:[0.4, 0.6, 0.9, 0.7, 1.0]
Beach70.jpg:[0.4, 0.8, 0.7, 0.7, 0.7]
Food53.jpg:[0.6, 0.6, 0.5, 0.5, 0.5]
Beach67.jpg:[0.2, 0.3, 0.4, 0.5, 0.6]
Flowers62.jpg:[0.9, 1.0, 1.0, 1.0, 1.0]
Horses65.jpg:[0.4, 0.5, 0.4, 0.5, 0.5]
Africa13.jpg:[0.8, 1.0, 0.9, 1.0, 0.6]
Food90.jpg:[0.5, 0.6, 0.8, 0.9, 0.6]
Buildings85.jpg:[0.4, 0.5, 0.6, 0.7, 0.8]
Mountains96.jpg:[0.1, 0.1, 0.2, 0.2, 0.2]
Elephants57.jpg:[0.8, 0.8, 0.8, 0.9, 0.6]
Horses16.jpg:[0.7, 0.9, 1.0, 0.9, 1.0]
Buses71.jpg:[0.4, 0.4, 0.6, 0.6, 0.5]
Dinosaurs85.jpg:[1.0, 1.0, 1.0, 1.0, 1.0]
Flowers91.jpg:[0.2, 0.4, 0.7, 0.8, 0.9]
Africa31.jpg:[0.8, 1.0, 0.7, 0.7, 0.9]
Horses1.jpg:[0.7, 1.0, 0.9, 0.9, 1.0]
Mountains77.jpg:[0.4, 0.4, 0.4, 0.4, 0.4]
Buses45.jpg:[0.2, 0.7, 0.9, 0.9, 0.8]
Elephants42.jpg:[0.4, 0.4, 0.4, 0.4, 0.4]
Beach78.jpg:[0.4, 0.5, 0.7, 0.7, 0.7]
Buses24.jpg:[0.4, 1.0, 0.6, 0.8, 1.0]
Flowers42.jpg:[0.8, 1.0, 1.0, 1.0, 0.9]
Buildings83.jpg:[0.1, 0.2, 0.2, 0.2, 0.2]
Elephants69.jpg:[0.4, 0.5, 0.5, 0.5, 0.5]
Beach89.jpg:[0.3, 0.3, 0.4, 0.5, 0.5]
Africa53.jpg:[0.9, 0.8, 1.0, 0.6, 0.7]
Dinosaurs9.jpg:[1.0, 1.0, 1.0, 1.0, 1.0]
Africa17.jpg:[1.0, 1.0, 0.5, 0.6, 0.6]
Buildings10.jpg:[0.2, 0.3, 0.4, 0.4, 0.4]
Beach1.jpg:[0.1, 0.1, 0.1, 0.1, 0.1]
Horses26.jpg:[0.3, 0.8, 1.0, 1.0, 0.6]
Buses13.jpg:[0.2, 0.3, 0.4, 0.4, 0.5]
Beach83.jpg:[0.1, 0.1, 0.1, 0.2, 0.2]
Food70.jpg:[0.2, 0.4, 0.3, 0.3, 0.3]
Elephants29.jpg:[0.2, 0.2, 0.2, 0.2, 0.2]
Elephants16.jpg:[0.4, 0.4, 0.5, 0.7, 0.7]
Africa27.jpg:[1.0, 0.8, 1.0, 0.5, 0.8]
Mountains78.jpg:[0.1, 0.3, 0.4, 0.7, 0.6]
Mountains71.jpg:[0.1, 0.1, 0.2, 0.2, 0.2]
Africa42.jpg:[0.7, 0.8, 0.9, 0.9, 1.0]
Beach68.jpg:[0.3, 0.3, 0.3, 0.3, 0.4]
Elephants64.jpg:[0.5, 0.3, 0.4, 0.4, 0.5]
Buildings67.jpg:[0.1, 0.1, 0.2, 0.5, 0.7]
Beach48.jpg:[0.2, 0.3, 0.4, 0.4, 0.4]
Beach22.jpg:[0.3, 0.4, 0.5, 0.6, 0.6]
Elephants78.jpg:[0.8, 0.7, 0.8, 0.9, 0.8]
Food65.jpg:[0.3, 0.3, 0.3, 0.3, 0.3]
Buildings22.jpg:[0.2, 0.5, 0.8, 0.9, 0.7]
Mountains32.jpg:[0.4, 0.6, 0.6, 0.8, 0.7]
Horses32.jpg:[0.2, 0.5, 0.6, 0.8, 0.5]
Buildings69.jpg:[0.2, 0.2, 0.2, 0.2, 0.2]
Africa100.jpg:[1.0, 0.5, 0.9, 1.0, 0.8]
Elephants34.jpg:[0.6, 0.6, 0.8, 1.0, 0.2]
Dinosaurs57.jpg:[1.0, 1.0, 1.0, 1.0, 1.0]
Food24.jpg:[0.2, 0.3, 0.3, 0.3, 0.3]
Africa8.jpg:[0.6, 0.9, 0.9, 0.9, 0.8]
Africa2.jpg:[0.6, 0.8, 0.8, 1.0, 0.8]
Mountains80.jpg:[0.2, 0.3, 0.3, 0.3, 0.3]
Dinosaurs62.jpg:[1.0, 1.0, 1.0, 1.0, 1.0]
Horses42.jpg:[0.6, 0.7, 0.8, 0.9, 0.8]
Buildings27.jpg:[0.1, 0.2, 0.2, 0.2, 0.2]
Africa64.jpg:[0.5, 0.8, 0.8, 0.6, 0.9]
Buses65.jpg:[0.7, 1.0, 0.6, 1.0, 0.7]
Horses3.jpg:[0.7, 0.7, 0.8, 0.8, 0.9]
Mountains15.jpg:[0.2, 0.6, 0.7, 0.5, 0.7]
Elephants45.jpg:[0.8, 0.9, 0.9, 0.9, 0.9]
Mountains76.jpg:[0.2, 0.2, 0.2, 0.3, 0.4]
Dinosaurs97.jpg:[1.0, 1.0, 1.0, 1.0, 1.0]
Flowers36.jpg:[0.8, 1.0, 1.0, 0.9, 1.0]
Buses70.jpg:[0.1, 0.5, 0.9, 0.8, 0.9]
Horses62.jpg:[0.8, 0.9, 0.9, 0.9, 1.0]
Flowers75.jpg:[0.2, 0.2, 0.4, 0.6, 0.8]
Buses2.jpg:[0.4, 0.4, 0.5, 0.8, 1.0]
Buses5.jpg:[0.5, 0.4, 0.5, 0.7, 0.7]
Africa37.jpg:[0.8, 0.9, 0.9, 1.0, 0.8]
Food3.jpg:[0.7, 0.7, 0.6, 0.8, 1.0]
Horses10.jpg:[0.7, 0.9, 0.7, 0.8, 0.9]
Food38.jpg:[0.6, 0.9, 0.7, 0.9, 0.8]
Buses58.jpg:[0.5, 0.8, 1.0, 0.6, 0.9]
Buses41.jpg:[0.2, 0.5, 0.7, 0.8, 0.8]
Food12.jpg:[0.2, 0.2, 0.2, 0.2, 0.2]
Elephants84.jpg:[0.7, 0.8, 0.8, 0.7, 0.9]
Elephants47.jpg:[0.6, 0.9, 1.0, 0.5, 0.5]
Mountains17.jpg:[0.3, 0.7, 0.6, 0.6, 0.8]
Africa68.jpg:[0.9, 1.0, 0.9, 1.0, 0.6]
Food39.jpg:[0.5, 0.7, 0.7, 0.8, 0.4]
Horses61.jpg:[1.0, 0.9, 1.0, 0.8, 0.9]
Horses23.jpg:[0.8, 0.9, 0.6, 0.8, 0.9]
Buses62.jpg:[0.4, 0.7, 0.9, 1.0, 0.4]
Buildings75.jpg:[0.5, 0.5, 0.7, 0.7, 0.8]
Food4.jpg:[0.4, 0.4, 0.5, 0.5, 0.6]
Buses97.jpg:[0.5, 0.7, 0.8, 0.9, 1.0]
Food48.jpg:[0.3, 0.4, 0.4, 0.4, 0.4]
Beach20.jpg:[0.2, 0.3, 0.5, 0.5, 0.5]
Mountains92.jpg:[0.1, 0.1, 0.1, 0.2, 0.3]
Horses54.jpg:[0.8, 0.8, 0.9, 0.8, 0.9]
Buildings90.jpg:[0.4, 0.6, 0.7, 0.9, 0.7]
Horses92.jpg:[0.8, 1.0, 1.0, 0.8, 0.9]
Buildings48.jpg:[0.3, 0.3, 0.3, 0.4, 0.4]
Buildings76.jpg:[0.3, 0.7, 0.9, 0.8, 0.9]
Buses26.jpg:[0.3, 0.5, 0.7, 0.9, 0.8]
Horses11.jpg:[1.0, 1.0, 1.0, 0.6, 0.7]
Buildings15.jpg:[0.3, 0.7, 0.9, 0.8, 0.9]
Dinosaurs94.jpg:[1.0, 1.0, 1.0, 1.0, 1.0]
Elephants46.jpg:[0.4, 0.6, 0.6, 0.7, 0.7]
Elephants55.jpg:[0.4, 0.6, 0.7, 0.7, 0.8]
Flowers59.jpg:[1.0, 1.0, 1.0, 1.0, 1.0]
Flowers4.jpg:[0.8, 1.0, 1.0, 1.0, 1.0]
Beach54.jpg:[0.1, 0.1, 0.2, 0.2, 0.2]
Mountains66.jpg:[0.6, 0.5, 0.6, 0.5, 0.5]
Elephants26.jpg:[0.6, 0.7, 0.6, 0.8, 1.0]
Horses51.jpg:[0.9, 0.9, 1.0, 0.9, 1.0]
Dinosaurs71.jpg:[1.0, 1.0, 1.0, 1.0, 1.0]
Beach12.jpg:[0.2, 0.4, 0.5, 0.5, 0.4]
Elephants31.jpg:[0.6, 0.7, 0.7, 0.7, 0.6]
Buses87.jpg:[0.5, 0.5, 0.7, 0.8, 0.9]
Beach56.jpg:[0.3, 0.7, 0.5, 0.7, 0.6]
Buses38.jpg:[0.6, 0.8, 0.7, 0.9, 0.5]
Buildings54.jpg:[0.8, 0.8, 0.8, 0.8, 0.8]
Buses31.jpg:[1.0, 0.3, 0.5, 0.9, 0.9]
Elephants98.jpg:[0.2, 0.4, 0.6, 0.6, 0.6]
Buses19.jpg:[0.4, 0.5, 0.8, 0.7, 0.8]
Mountains27.jpg:[0.4, 0.6, 0.7, 0.8, 0.9]
Food91.jpg:[0.6, 0.8, 0.8, 0.9, 0.7]
Horses4.jpg:[0.3, 0.5, 0.6, 0.6, 0.7]
Africa36.jpg:[0.9, 1.0, 0.3, 0.2, 0.4]
Dinosaurs23.jpg:[1.0, 1.0, 1.0, 1.0, 1.0]
Elephants6.jpg:[0.3, 0.7, 0.6, 0.4, 0.7]
Elephants43.jpg:[0.7, 0.8, 0.8, 0.6, 1.0]
Buses67.jpg:[0.3, 0.7, 0.8, 0.8, 0.9]
Horses53.jpg:[0.6, 0.5, 0.5, 0.6, 0.8]
Mountains72.jpg:[0.1, 0.3, 0.4, 0.4, 0.4]
Elephants2.jpg:[0.7, 0.9, 0.7, 0.9, 0.8]
Buses92.jpg:[0.2, 0.2, 0.2, 0.2, 0.3]
Africa93.jpg:[0.5, 0.6, 0.9, 1.0, 0.8]
Buildings24.jpg:[0.3, 0.3, 0.4, 0.5, 0.6]
Buses48.jpg:[0.3, 0.6, 1.0, 0.6, 0.8]
Flowers90.jpg:[0.1, 1.0, 1.0, 0.9, 1.0]
Mountains86.jpg:[0.2, 0.5, 0.5, 0.6, 0.7]
Flowers85.jpg:[0.7, 1.0, 1.0, 1.0, 1.0]
Elephants97.jpg:[0.4, 0.7, 0.8, 0.8, 0.7]
Beach93.jpg:[0.5, 0.5, 0.5, 0.5, 0.5]
Mountains30.jpg:[0.1, 0.1, 0.2, 0.3, 0.5]
Mountains68.jpg:[0.1, 0.1, 0.1, 0.1, 0.1]
Mountains67.jpg:[0.3, 0.3, 0.3, 0.3, 0.2]
Flowers44.jpg:[0.4, 0.3, 0.4, 0.4, 0.5]
Mountains100.jpg:[0.1, 0.4, 0.5, 0.6, 0.6]
Food63.jpg:[0.8, 0.7, 0.7, 0.9, 0.8]
Food40.jpg:[0.6, 0.7, 0.9, 0.8, 1.0]
Mountains10.jpg:[0.3, 0.6, 0.6, 0.5, 0.6]
Beach3.jpg:[0.4, 0.5, 0.6, 0.5, 0.7]
Food9.jpg:[0.4, 0.4, 0.5, 0.6, 0.8]
Mountains55.jpg:[0.2, 0.4, 0.5, 0.6, 0.6]
Dinosaurs49.jpg:[1.0, 1.0, 1.0, 1.0, 1.0]
Mountains35.jpg:[0.3, 0.4, 0.5, 0.6, 0.6]
Horses72.jpg:[0.7, 1.0, 0.8, 0.9, 0.9]
Mountains19.jpg:[0.1, 0.2, 0.4, 0.5, 0.6]
Mountains91.jpg:[0.2, 0.2, 0.2, 0.2, 0.2]
Beach69.jpg:[0.3, 0.3, 0.3, 0.4, 0.5]
Food68.jpg:[0.4, 0.5, 0.6, 0.7, 0.5]
Buildings33.jpg:[0.8, 0.6, 0.7, 0.7, 0.7]
Food49.jpg:[0.2, 0.2, 0.2, 0.2, 0.2]
Buildings56.jpg:[0.6, 0.6, 0.7, 0.8, 0.8]
Beach88.jpg:[0.3, 0.4, 0.6, 0.6, 0.6]
Africa52.jpg:[1.0, 0.8, 0.9, 1.0, 0.7]
Food16.jpg:[0.6, 0.7, 0.7, 0.8, 0.6]
Buildings57.jpg:[0.2, 0.3, 0.4, 0.4, 0.4]
Buses4.jpg:[0.8, 0.8, 0.8, 0.6, 0.9]
Africa62.jpg:[0.8, 1.0, 0.8, 1.0, 0.7]
Beach28.jpg:[0.4, 0.6, 0.6, 0.6, 0.6]
Horses59.jpg:[1.0, 1.0, 0.6, 0.9, 0.9]
Buses40.jpg:[0.3, 0.3, 0.6, 0.9, 1.0]
Horses73.jpg:[0.9, 1.0, 0.9, 1.0, 1.0]
Buildings29.jpg:[0.5, 0.6, 1.0, 0.5, 0.7]
Elephants80.jpg:[0.5, 0.6, 0.7, 0.8, 0.5]
Dinosaurs53.jpg:[1.0, 1.0, 1.0, 1.0, 1.0]
Beach30.jpg:[0.2, 0.2, 0.3, 0.3, 0.3]
Buildings91.jpg:[0.4, 0.4, 0.6, 0.8, 0.9]
Mountains64.jpg:[0.1, 0.3, 0.3, 0.4, 0.4]
Elephants39.jpg:[0.8, 0.8, 0.9, 0.9, 1.0]
Mountains88.jpg:[0.1, 0.2, 0.2, 0.2, 0.2]
Elephants36.jpg:[0.4, 0.4, 0.5, 0.5, 0.7]
Buildings14.jpg:[0.1, 0.2, 0.5, 0.5, 0.5]
Beach57.jpg:[0.2, 0.4, 0.5, 0.6, 0.7]
Beach38.jpg:[0.6, 0.8, 0.7, 0.8, 0.9]
Dinosaurs68.jpg:[1.0, 1.0, 1.0, 1.0, 1.0]
Mountains25.jpg:[0.1, 0.3, 0.3, 0.3, 0.3]
Buses64.jpg:[0.6, 0.8, 0.9, 0.8, 0.8]
Buildings99.jpg:[0.6, 0.8, 0.7, 0.9, 0.7]
Buses72.jpg:[0.5, 0.6, 0.7, 0.7, 0.8]
Buildings20.jpg:[0.8, 0.8, 1.0, 0.8, 0.7]
Africa29.jpg:[0.2, 0.3, 0.3, 0.3, 0.4]
Africa81.jpg:[1.0, 0.9, 1.0, 0.8, 0.7]
Flowers72.jpg:[0.9, 1.0, 1.0, 1.0, 1.0]
Buildings16.jpg:[0.5, 0.6, 0.7, 0.7, 0.9]
Food44.jpg:[0.4, 0.6, 0.7, 0.7, 0.6]
Dinosaurs87.jpg:[1.0, 1.0, 1.0, 1.0, 1.0]
Beach23.jpg:[0.4, 0.6, 0.6, 0.7, 0.4]
Dinosaurs47.jpg:[1.0, 1.0, 1.0, 1.0, 1.0]
Food88.jpg:[0.2, 0.2, 0.2, 0.2, 0.2]
Flowers13.jpg:[0.8, 1.0, 1.0, 1.0, 0.9]
Flowers37.jpg:[0.8, 0.9, 1.0, 1.0, 1.0]
Beach49.jpg:[0.4, 0.4, 0.5, 0.4, 0.5]
Horses41.jpg:[0.9, 0.6, 1.0, 0.7, 1.0]
Elephants7.jpg:[0.8, 0.8, 0.8, 1.0, 0.8]
Mountains93.jpg:[0.1, 0.2, 0.3, 0.5, 0.5]
Mountains54.jpg:[0.2, 0.2, 0.2, 0.4, 0.5]
Dinosaurs96.jpg:[1.0, 1.0, 1.0, 1.0, 1.0]
Food26.jpg:[0.8, 0.7, 0.7, 0.9, 0.8]
Elephants22.jpg:[0.8, 0.8, 0.9, 1.0, 0.9]
Elephants81.jpg:[0.3, 0.5, 0.6, 0.6, 0.5]
Dinosaurs52.jpg:[1.0, 1.0, 1.0, 1.0, 1.0]
Mountains9.jpg:[0.2, 0.2, 0.2, 0.3, 0.3]
Food86.jpg:[0.3, 0.5, 0.6, 0.7, 0.7]
Beach41.jpg:[0.1, 0.1, 0.2, 0.4, 0.3]
Flowers61.jpg:[0.9, 1.0, 1.0, 1.0, 1.0]
Dinosaurs3.jpg:[1.0, 1.0, 1.0, 1.0, 0.9]
Flowers86.jpg:[1.0, 0.9, 1.0, 1.0, 1.0]
Buildings59.jpg:[0.2, 0.3, 0.3, 0.3, 0.3]
Mountains85.jpg:[0.2, 0.2, 0.2, 0.2, 0.2]
Mountains83.jpg:[0.2, 0.2, 0.2, 0.2, 0.3]
Mountains95.jpg:[0.1, 0.1, 0.2, 0.3, 0.3]
Horses63.jpg:[0.8, 1.0, 0.8, 1.0, 0.9]
Beach85.jpg:[0.3, 0.4, 0.4, 0.5, 0.5]
Buses69.jpg:[0.3, 0.7, 1.0, 0.8, 0.8]
Food51.jpg:[0.4, 0.5, 0.5, 0.5, 0.5]
Flowers70.jpg:[0.2, 0.3, 0.3, 0.4, 0.5]
Dinosaurs31.jpg:[1.0, 1.0, 1.0, 1.0, 1.0]
Africa58.jpg:[0.9, 0.6, 1.0, 0.6, 0.8]
Flowers35.jpg:[0.3, 0.4, 0.5, 0.5, 0.6]
Beach100.jpg:[0.1, 0.5, 0.6, 0.5, 0.5]
Beach39.jpg:[0.5, 0.3, 0.4, 0.5, 0.6]
Dinosaurs78.jpg:[1.0, 1.0, 1.0, 1.0, 1.0]
Dinosaurs29.jpg:[1.0, 1.0, 1.0, 1.0, 1.0]
Flowers41.jpg:[0.5, 0.6, 0.6, 0.7, 0.7]
Buses23.jpg:[0.3, 0.8, 0.8, 0.7, 0.9]
Buses7.jpg:[0.4, 0.9, 0.7, 0.9, 0.9]
Flowers76.jpg:[1.0, 1.0, 1.0, 1.0, 1.0]
Horses22.jpg:[0.8, 1.0, 1.0, 0.7, 0.9]
Dinosaurs92.jpg:[1.0, 1.0, 1.0, 1.0, 1.0]
Horses49.jpg:[0.8, 0.9, 1.0, 0.9, 0.9]
Mountains74.jpg:[0.2, 0.3, 0.4, 0.5, 0.5]
Beach91.jpg:[0.2, 0.2, 0.3, 0.4, 0.4]
Elephants53.jpg:[0.9, 0.9, 0.9, 0.7, 0.9]
Horses33.jpg:[0.9, 0.9, 1.0, 1.0, 1.0]
Flowers97.jpg:[0.1, 0.1, 0.3, 0.6, 0.6]
Dinosaurs26.jpg:[0.2, 0.4, 0.8, 1.0, 1.0]
Buildings12.jpg:[0.5, 0.6, 0.5, 0.6, 0.6]
Dinosaurs58.jpg:[1.0, 1.0, 1.0, 1.0, 1.0]
Buses99.jpg:[0.4, 0.7, 0.9, 0.8, 1.0]
Dinosaurs32.jpg:[1.0, 1.0, 1.0, 1.0, 1.0]
Dinosaurs56.jpg:[1.0, 1.0, 1.0, 1.0, 1.0]
Buildings26.jpg:[0.1, 0.1, 0.1, 0.1, 0.2]
Mountains75.jpg:[0.3, 0.4, 0.6, 0.6, 0.6]
Buildings94.jpg:[0.2, 0.6, 0.6, 0.7, 0.5]
Dinosaurs10.jpg:[1.0, 1.0, 1.0, 1.0, 1.0]
Flowers57.jpg:[1.0, 1.0, 1.0, 1.0, 1.0]
Elephants49.jpg:[0.4, 0.8, 0.6, 0.5, 0.5]
Beach96.jpg:[0.4, 0.6, 0.6, 0.6, 0.6]
Buses82.jpg:[0.2, 0.4, 0.9, 0.8, 0.9]
Elephants71.jpg:[0.1, 0.1, 0.1, 0.1, 0.1]
Buses90.jpg:[0.1, 0.2, 0.4, 0.7, 0.9]
Dinosaurs51.jpg:[1.0, 1.0, 1.0, 1.0, 1.0]
Food28.jpg:[0.6, 0.6, 0.7, 0.8, 0.6]
Flowers10.jpg:[0.9, 1.0, 1.0, 0.8, 1.0]
Buildings100.jpg:[0.9, 0.9, 0.7, 0.9, 0.9]
Elephants75.jpg:[0.6, 0.8, 0.8, 0.8, 0.8]
Mountains11.jpg:[0.1, 0.2, 0.4, 0.5, 0.6]
Flowers74.jpg:[0.7, 0.9, 0.9, 0.8, 0.9]
Food93.jpg:[0.5, 0.7, 0.8, 0.8, 0.7]
Dinosaurs100.jpg:[1.0, 1.0, 1.0, 1.0, 1.0]
Mountains21.jpg:[0.1, 0.2, 0.5, 0.5, 0.5]
Africa40.jpg:[0.5, 0.6, 0.6, 0.7, 0.7]
Buses86.jpg:[0.8, 0.9, 0.8, 0.9, 1.0]
Horses6.jpg:[0.3, 0.8, 1.0, 1.0, 0.3]
Flowers25.jpg:[0.2, 0.6, 0.9, 0.8, 1.0]
Buildings42.jpg:[0.4, 0.7, 0.8, 0.8, 0.7]
Mountains84.jpg:[0.1, 0.1, 0.1, 0.2, 0.2]
Horses78.jpg:[1.0, 0.9, 0.9, 1.0, 0.9]
Elephants79.jpg:[0.7, 0.9, 1.0, 0.8, 0.8]
Mountains8.jpg:[0.3, 0.5, 0.4, 0.5, 0.5]
Beach4.jpg:[0.4, 0.6, 0.8, 0.6, 0.6]
Food82.jpg:[0.4, 0.8, 0.8, 0.9, 0.7]
Horses19.jpg:[0.9, 1.0, 1.0, 1.0, 0.5]
Elephants51.jpg:[0.3, 0.7, 0.7, 0.5, 0.8]
Africa7.jpg:[0.1, 0.1, 0.1, 0.2, 0.2]
Horses79.jpg:[1.0, 0.9, 1.0, 0.9, 0.9]
Flowers60.jpg:[0.8, 1.0, 0.9, 1.0, 1.0]
Buses68.jpg:[0.6, 0.8, 0.8, 0.9, 0.7]
Food14.jpg:[0.1, 0.1, 0.2, 0.2, 0.2]
Mountains1.jpg:[0.1, 0.1, 0.2, 0.2, 0.3]
Africa47.jpg:[0.9, 1.0, 0.7, 0.8, 0.9]
Buildings71.jpg:[0.2, 0.5, 0.7, 0.7, 0.6]
Elephants85.jpg:[0.6, 0.6, 0.7, 0.8, 0.8]
Horses45.jpg:[0.4, 0.5, 0.5, 0.5, 0.5]
Elephants4.jpg:[0.3, 0.4, 0.4, 0.4, 0.5]
Beach73.jpg:[0.3, 0.3, 0.3, 0.4, 0.6]
Flowers98.jpg:[0.3, 0.4, 0.5, 0.5, 0.5]
Dinosaurs14.jpg:[1.0, 1.0, 1.0, 1.0, 1.0]
Flowers71.jpg:[0.8, 1.0, 1.0, 0.9, 1.0]
Horses85.jpg:[0.9, 0.6, 0.9, 0.7, 1.0]
Africa34.jpg:[0.5, 0.7, 0.9, 0.8, 0.8]
Elephants25.jpg:[0.6, 0.8, 0.6, 0.9, 0.9]
Beach42.jpg:[0.1, 0.3, 0.3, 0.3, 0.5]
Mountains14.jpg:[0.2, 0.2, 0.2, 0.3, 0.4]
Buildings53.jpg:[0.8, 0.7, 0.7, 0.8, 1.0]
Beach52.jpg:[0.2, 0.4, 0.6, 0.5, 0.6]
Africa32.jpg:[0.7, 0.8, 1.0, 0.7, 0.9]
Food81.jpg:[0.2, 0.5, 0.6, 0.6, 0.8]
Horses56.jpg:[0.4, 0.5, 0.5, 0.5, 0.5]
Food98.jpg:[0.4, 0.5, 0.5, 0.4, 0.4]
Beach62.jpg:[0.3, 0.5, 0.7, 0.7, 0.7]
Flowers28.jpg:[1.0, 1.0, 1.0, 1.0, 1.0]
Mountains94.jpg:[0.1, 0.1, 0.1, 0.1, 0.1]
Food71.jpg:[0.8, 0.8, 1.0, 0.3, 0.5]
Food80.jpg:[0.4, 0.8, 0.7, 0.9, 0.7]
Mountains58.jpg:[0.1, 0.3, 0.4, 0.4, 0.4]
Buildings4.jpg:[0.4, 0.7, 0.8, 0.9, 0.6]
Horses55.jpg:[0.3, 0.5, 0.7, 0.7, 0.9]
Dinosaurs90.jpg:[1.0, 1.0, 1.0, 1.0, 1.0]
Horses83.jpg:[0.5, 0.7, 0.6, 0.7, 0.7]
Buses66.jpg:[0.1, 0.1, 0.2, 0.4, 0.6]
Food18.jpg:[0.1, 0.1, 0.1, 0.1, 0.1]
Elephants94.jpg:[0.7, 0.6, 0.6, 0.9, 0.9]
Buses96.jpg:[0.6, 0.9, 1.0, 0.8, 0.7]
Buildings58.jpg:[0.3, 0.4, 0.4, 0.4, 0.4]
Horses14.jpg:[1.0, 0.8, 0.7, 1.0, 0.7]
Buses61.jpg:[0.6, 0.8, 0.9, 1.0, 0.1]
Horses67.jpg:[0.8, 0.9, 0.8, 1.0, 0.9]
Food32.jpg:[0.7, 0.9, 0.7, 0.8, 0.7]
Flowers16.jpg:[1.0, 1.0, 0.8, 1.0, 1.0]
Horses50.jpg:[0.7, 0.9, 0.8, 0.9, 0.9]
Buses1.jpg:[0.7, 0.9, 0.7, 0.8, 1.0]
Mountains81.jpg:[0.2, 0.2, 0.3, 0.3, 0.4]
Africa4.jpg:[0.9, 1.0, 0.7, 0.8, 0.9]
Buses34.jpg:[0.6, 0.9, 1.0, 1.0, 0.1]
Dinosaurs12.jpg:[1.0, 1.0, 1.0, 1.0, 1.0]
Beach31.jpg:[0.2, 0.4, 0.6, 0.5, 0.6]
Flowers34.jpg:[0.9, 1.0, 1.0, 0.8, 1.0]
Buildings38.jpg:[0.3, 0.4, 0.7, 0.9, 0.7]
Beach29.jpg:[0.1, 0.3, 0.4, 0.4, 0.4]
Mountains42.jpg:[0.3, 0.4, 0.7, 0.7, 0.9]
Beach97.jpg:[0.1, 0.3, 0.3, 0.3, 0.3]
Buses91.jpg:[0.2, 0.4, 0.5, 0.6, 0.6]
Mountains12.jpg:[0.2, 0.3, 0.3, 0.2, 0.3]
Buildings3.jpg:[0.7, 0.8, 0.8, 1.0, 0.8]
Flowers92.jpg:[0.2, 0.3, 0.3, 0.3, 0.3]
Food96.jpg:[0.2, 0.3, 0.3, 0.3, 0.3]
Dinosaurs6.jpg:[1.0, 1.0, 1.0, 1.0, 1.0]
Horses81.jpg:[0.9, 1.0, 1.0, 0.7, 0.9]
Flowers83.jpg:[0.4, 0.6, 0.8, 1.0, 0.9]
Buses74.jpg:[0.7, 0.8, 0.9, 1.0, 0.7]
Mountains57.jpg:[0.1, 0.2, 0.2, 0.4, 0.4]
Africa21.jpg:[0.9, 0.8, 0.9, 1.0, 0.1]
Mountains4.jpg:[0.2, 0.3, 0.3, 0.3, 0.3]
Buildings65.jpg:[0.2, 0.4, 0.6, 0.8, 0.8]
Beach98.jpg:[0.2, 0.3, 0.3, 0.4, 0.4]
Beach21.jpg:[0.5, 0.5, 0.5, 0.5, 0.4]
Dinosaurs11.jpg:[1.0, 1.0, 1.0, 1.0, 1.0]
Buildings39.jpg:[0.5, 0.9, 0.7, 0.7, 0.9]
Buses44.jpg:[0.1, 0.1, 0.1, 0.1, 0.1]
Africa23.jpg:[1.0, 0.8, 1.0, 0.6, 0.7]
Elephants35.jpg:[0.6, 0.8, 0.9, 0.7, 0.7]
Flowers78.jpg:[0.4, 0.5, 0.5, 0.5, 0.6]
Buildings64.jpg:[0.2, 0.2, 0.2, 0.2, 0.3]
Africa12.jpg:[0.7, 0.9, 0.9, 0.7, 0.8]
Beach8.jpg:[0.2, 0.5, 0.6, 0.5, 0.7]
Dinosaurs13.jpg:[1.0, 1.0, 1.0, 1.0, 1.0]
Flowers67.jpg:[0.9, 1.0, 1.0, 1.0, 1.0]
Elephants44.jpg:[0.9, 0.8, 0.9, 0.9, 1.0]
Food75.jpg:[0.5, 0.6, 0.9, 0.6, 0.7]
Food30.jpg:[0.4, 0.5, 0.5, 0.5, 0.5]
Horses68.jpg:[0.7, 0.9, 1.0, 0.9, 1.0]
Buses47.jpg:[0.4, 0.8, 0.9, 0.9, 0.9]
Beach77.jpg:[0.4, 0.5, 0.8, 0.8, 0.8]
Mountains60.jpg:[0.1, 0.2, 0.3, 0.6, 0.7]
Mountains24.jpg:[0.1, 0.2, 0.2, 0.2, 0.3]
Horses89.jpg:[0.5, 0.9, 0.9, 0.9, 0.9]
Buses9.jpg:[0.3, 0.4, 0.5, 0.5, 0.5]
Mountains7.jpg:[0.2, 0.2, 0.2, 0.2, 0.2]
Buildings72.jpg:[0.3, 0.3, 0.3, 0.3, 0.4]
Buildings32.jpg:[0.1, 0.1, 0.1, 0.2, 0.2]
Africa91.jpg:[1.0, 0.8, 0.5, 0.7, 0.9]
Dinosaurs83.jpg:[1.0, 1.0, 1.0, 1.0, 1.0]
Dinosaurs8.jpg:[1.0, 1.0, 1.0, 1.0, 1.0]
Mountains40.jpg:[0.3, 0.5, 0.6, 0.6, 0.5]
Flowers30.jpg:[0.8, 1.0, 1.0, 0.9, 1.0]
Horses31.jpg:[0.7, 1.0, 0.8, 0.9, 0.9]
Africa28.jpg:[0.2, 0.2, 0.2, 0.2, 0.2]
Beach26.jpg:[0.3, 0.4, 0.4, 0.6, 0.5]
Elephants14.jpg:[0.5, 0.5, 0.5, 0.8, 0.6]
Dinosaurs30.jpg:[1.0, 1.0, 1.0, 1.0, 1.0]
Food36.jpg:[0.3, 0.4, 0.5, 0.5, 0.5]
Food42.jpg:[0.3, 0.4, 0.6, 0.6, 0.7]
Flowers18.jpg:[1.0, 1.0, 1.0, 1.0, 1.0]
Dinosaurs79.jpg:[0.7, 1.0, 1.0, 1.0, 1.0]
Beach79.jpg:[0.1, 0.1, 0.2, 0.3, 0.3]
Horses96.jpg:[0.9, 1.0, 0.8, 1.0, 0.8]
Food94.jpg:[0.3, 0.4, 0.3, 0.4, 0.4]
Food77.jpg:[0.3, 0.5, 0.7, 0.7, 0.8]
Flowers17.jpg:[0.6, 0.7, 0.7, 0.7, 0.7]
Horses93.jpg:[1.0, 0.8, 0.9, 1.0, 0.3]
Food66.jpg:[0.9, 0.7, 0.9, 0.6, 0.7]
Dinosaurs28.jpg:[1.0, 1.0, 1.0, 1.0, 1.0]
Beach90.jpg:[0.1, 0.1, 0.3, 0.3, 0.3]
Mountains41.jpg:[0.1, 0.1, 0.1, 0.2, 0.2]
Food58.jpg:[0.4, 0.6, 0.8, 0.7, 0.9]
Dinosaurs4.jpg:[1.0, 1.0, 1.0, 1.0, 1.0]
Africa99.jpg:[0.3, 0.4, 0.4, 0.4, 0.5]
Flowers24.jpg:[0.8, 1.0, 1.0, 1.0, 1.0]
Buildings78.jpg:[0.7, 0.7, 0.8, 0.6, 0.7]
Buses54.jpg:[0.3, 0.7, 1.0, 0.4, 0.8]
Buildings70.jpg:[0.3, 0.3, 0.3, 0.3, 0.3]
Horses40.jpg:[0.8, 0.9, 0.9, 0.9, 1.0]
Buildings79.jpg:[0.5, 0.6, 0.7, 0.7, 0.7]
Elephants10.jpg:[0.2, 0.2, 0.3, 0.3, 0.5]
Beach55.jpg:[0.3, 0.5, 0.5, 0.4, 0.5]
Horses48.jpg:[0.7, 0.8, 1.0, 1.0, 0.7]
Flowers27.jpg:[0.8, 1.0, 0.9, 1.0, 1.0]
Horses21.jpg:[0.8, 0.7, 0.9, 0.9, 0.8]
Food50.jpg:[0.3, 0.7, 0.7, 0.7, 0.8]
Elephants24.jpg:[0.6, 0.8, 0.8, 0.7, 0.7]
Food41.jpg:[0.9, 0.6, 0.8, 0.8, 0.9]
Buildings7.jpg:[0.2, 0.4, 0.4, 0.5, 0.5]
Africa38.jpg:[0.8, 1.0, 0.8, 0.8, 1.0]
Dinosaurs55.jpg:[1.0, 1.0, 1.0, 1.0, 1.0]
Buses100.jpg:[0.3, 0.8, 0.9, 0.9, 1.0]
Mountains23.jpg:[0.3, 0.4, 0.4, 0.6, 0.6]
Food5.jpg:[0.2, 0.5, 0.5, 0.5, 0.5]
Mountains53.jpg:[0.4, 0.6, 0.8, 0.6, 0.6]
Buildings61.jpg:[0.3, 0.4, 0.4, 0.4, 0.5]
Dinosaurs76.jpg:[1.0, 1.0, 1.0, 1.0, 1.0]
Food37.jpg:[0.2, 0.6, 0.7, 0.8, 1.0]
Elephants90.jpg:[0.7, 0.7, 0.8, 0.8, 0.8]
Mountains47.jpg:[0.2, 0.3, 0.4, 0.4, 0.4]
Africa14.jpg:[0.6, 0.6, 0.7, 1.0, 0.5]
Horses39.jpg:[0.5, 0.5, 0.5, 0.5, 0.5]
Elephants37.jpg:[0.3, 0.3, 0.4, 0.4, 0.5]
Mountains59.jpg:[0.3, 0.5, 0.5, 0.5, 0.4]
Buses6.jpg:[0.6, 0.5, 0.7, 0.7, 0.7]
Food54.jpg:[0.6, 0.7, 0.8, 0.8, 1.0]
Flowers65.jpg:[1.0, 1.0, 1.0, 1.0, 1.0]
Food69.jpg:[0.1, 0.1, 0.1, 0.1, 0.1]
Elephants77.jpg:[0.4, 0.4, 0.4, 0.4, 0.5]
Dinosaurs15.jpg:[1.0, 1.0, 1.0, 1.0, 1.0]
Flowers33.jpg:[0.3, 0.5, 0.8, 1.0, 1.0]
Beach71.jpg:[0.2, 0.3, 0.3, 0.3, 0.3]
Africa73.jpg:[0.3, 0.5, 0.7, 0.6, 0.5]
Beach7.jpg:[0.1, 0.3, 0.5, 0.5, 0.5]
Food29.jpg:[0.5, 0.5, 0.5, 0.5, 0.5]
Horses69.jpg:[1.0, 0.9, 0.9, 1.0, 1.0]
Dinosaurs41.jpg:[1.0, 1.0, 1.0, 1.0, 1.0]
Africa98.jpg:[0.1, 0.2, 0.7, 1.0, 0.6]
Buildings34.jpg:[0.4, 0.5, 0.5, 0.4, 0.6]
Dinosaurs25.jpg:[0.9, 1.0, 1.0, 1.0, 1.0]
Food13.jpg:[0.3, 0.7, 0.8, 0.9, 0.4]
Mountains56.jpg:[0.1, 0.2, 0.3, 0.4, 0.3]
Mountains26.jpg:[0.1, 0.1, 0.1, 0.1, 0.1]
Food99.jpg:[0.6, 0.8, 0.7, 0.8, 0.9]
Africa18.jpg:[0.1, 0.1, 0.2, 0.6, 0.7]
Buses37.jpg:[0.2, 0.5, 0.7, 0.8, 0.7]
Beach6.jpg:[0.1, 0.1, 0.1, 0.1, 0.2]
Flowers3.jpg:[0.3, 0.5, 0.5, 0.5, 0.6]
Africa5.jpg:[1.0, 0.8, 0.9, 0.9, 1.0]
Flowers93.jpg:[0.8, 1.0, 1.0, 1.0, 0.9]
Elephants70.jpg:[0.2, 0.3, 0.4, 0.4, 0.5]
Food52.jpg:[0.2, 0.3, 0.5, 0.6, 0.6]
Beach84.jpg:[0.5, 0.4, 0.4, 0.4, 0.4]
Dinosaurs39.jpg:[1.0, 1.0, 1.0, 1.0, 1.0]
Horses15.jpg:[0.6, 1.0, 1.0, 1.0, 0.6]
Buildings62.jpg:[0.4, 0.4, 0.7, 0.8, 0.9]
Flowers2.jpg:[0.3, 0.4, 0.4, 0.4, 0.4]
Beach14.jpg:[0.2, 0.2, 0.3, 0.3, 0.4]
Mountains39.jpg:[0.4, 0.5, 0.6, 0.6, 0.7]
Food45.jpg:[0.4, 0.5, 0.5, 0.5, 0.5]
Buses33.jpg:[0.6, 0.9, 0.7, 0.8, 1.0]
Africa26.jpg:[0.7, 1.0, 0.8, 0.8, 0.9]
Flowers12.jpg:[1.0, 1.0, 1.0, 1.0, 1.0]
Food33.jpg:[0.4, 0.4, 0.5, 0.4, 0.5]
Dinosaurs5.jpg:[1.0, 1.0, 1.0, 1.0, 1.0]
Buses84.jpg:[0.4, 0.5, 0.9, 1.0, 1.0]
Beach74.jpg:[0.5, 0.5, 0.5, 0.4, 0.5]
Mountains87.jpg:[0.3, 0.3, 0.3, 0.4, 0.5]
Mountains52.jpg:[0.1, 0.2, 0.3, 0.3, 0.5]
Beach66.jpg:[0.5, 0.7, 0.7, 0.8, 0.8]
Africa74.jpg:[0.8, 1.0, 0.4, 0.6, 0.7]
Buildings45.jpg:[0.5, 0.6, 0.7, 0.8, 0.8]
Africa63.jpg:[0.2, 0.5, 0.6, 0.6, 0.9]
Buses14.jpg:[0.5, 0.9, 0.8, 0.9, 0.9]
Dinosaurs19.jpg:[1.0, 1.0, 1.0, 1.0, 1.0]
Elephants100.jpg:[0.7, 0.7, 0.8, 0.8, 0.8]
Mountains33.jpg:[0.1, 0.1, 0.2, 0.2, 0.2]
Horses27.jpg:[0.8, 0.9, 0.9, 0.7, 0.8]
Buildings35.jpg:[0.1, 0.1, 0.1, 0.2, 0.5]
Elephants17.jpg:[0.3, 0.2, 0.2, 0.2, 0.2]
Elephants89.jpg:[0.7, 0.7, 0.6, 0.7, 0.7]
Africa44.jpg:[0.7, 1.0, 0.8, 0.8, 1.0]
Flowers50.jpg:[1.0, 1.0, 1.0, 1.0, 1.0]
Flowers69.jpg:[0.3, 0.4, 0.7, 0.6, 0.6]
Food21.jpg:[0.6, 0.8, 0.7, 0.6, 0.9]
Horses30.jpg:[0.4, 0.8, 0.9, 0.8, 1.0]
Mountains63.jpg:[0.1, 0.1, 0.2, 0.4, 0.5]
Africa30.jpg:[0.8, 0.8, 1.0, 0.7, 0.8]
Horses9.jpg:[0.3, 0.4, 0.6, 0.7, 0.9]
Elephants56.jpg:[0.7, 0.8, 0.6, 0.7, 0.6]
Beach37.jpg:[0.2, 0.4, 0.4, 0.5, 0.6]
Dinosaurs43.jpg:[1.0, 1.0, 1.0, 1.0, 1.0]
Elephants74.jpg:[0.9, 0.8, 0.9, 1.0, 0.2]
Flowers23.jpg:[0.4, 0.7, 1.0, 0.9, 0.9]
Beach24.jpg:[0.5, 0.6, 0.7, 0.7, 0.7]
Food19.jpg:[0.8, 0.9, 0.6, 0.8, 0.5]
Elephants50.jpg:[0.4, 0.8, 0.9, 0.8, 1.0]
Africa11.jpg:[0.6, 0.7, 0.9, 0.7, 1.0]
Africa60.jpg:[0.8, 0.9, 1.0, 0.9, 1.0]
Buildings21.jpg:[0.2, 0.2, 0.2, 0.2, 0.2]
Dinosaurs7.jpg:[1.0, 1.0, 1.0, 1.0, 1.0]
Buildings47.jpg:[0.2, 0.5, 0.7, 0.8, 0.7]
Buildings82.jpg:[0.7, 0.9, 0.7, 0.8, 0.4]
Elephants5.jpg:[0.5, 0.8, 0.7, 0.9, 0.7]
Beach60.jpg:[0.4, 0.4, 0.5, 0.6, 0.7]
Mountains79.jpg:[0.2, 0.2, 0.2, 0.3, 0.3]
Africa35.jpg:[0.9, 1.0, 0.9, 1.0, 0.6]
Buildings51.jpg:[0.2, 0.3, 0.4, 0.5, 0.4]
Horses25.jpg:[0.9, 0.8, 1.0, 0.8, 1.0]
Africa76.jpg:[0.5, 0.8, 1.0, 0.6, 0.7]
Dinosaurs99.jpg:[1.0, 1.0, 1.0, 1.0, 1.0]
Flowers8.jpg:[0.1, 0.1, 0.1, 0.1, 0.2]
Buses95.jpg:[0.3, 0.5, 0.7, 0.8, 0.8]
Beach63.jpg:[0.1, 0.2, 0.3, 0.3, 0.6]
Elephants72.jpg:[0.4, 0.4, 0.4, 0.6, 0.5]
Food43.jpg:[0.2, 0.2, 0.3, 0.5, 0.7]
Dinosaurs42.jpg:[1.0, 1.0, 1.0, 1.0, 1.0]
Buildings9.jpg:[0.4, 0.4, 0.4, 0.5, 0.4]
Flowers99.jpg:[0.3, 0.9, 1.0, 1.0, 1.0]
Flowers89.jpg:[0.8, 1.0, 1.0, 1.0, 1.0]
Africa82.jpg:[0.7, 1.0, 0.9, 1.0, 0.8]
Africa49.jpg:[0.5, 0.6, 0.6, 0.6, 0.8]
Elephants99.jpg:[0.5, 0.7, 0.6, 0.8, 0.9]
Beach82.jpg:[0.1, 0.2, 0.4, 0.5, 0.5]
Mountains20.jpg:[0.3, 0.5, 0.5, 0.5, 0.5]
Mountains6.jpg:[0.2, 0.2, 0.2, 0.3, 0.5]
Africa97.jpg:[0.6, 0.5, 0.7, 0.9, 0.9]
Elephants11.jpg:[0.8, 0.8, 0.9, 0.6, 0.9]
Buildings84.jpg:[0.2, 0.2, 0.2, 0.2, 0.2]
Buses28.jpg:[0.6, 0.8, 0.8, 0.7, 0.9]
Africa69.jpg:[0.5, 0.6, 0.6, 0.7, 0.9]
Buses12.jpg:[0.6, 0.7, 0.9, 0.9, 1.0]
Dinosaurs64.jpg:[1.0, 1.0, 1.0, 1.0, 1.0]
Elephants76.jpg:[0.4, 0.4, 0.5, 0.6, 0.7]
Beach87.jpg:[0.2, 0.3, 0.3, 0.3, 0.3]
Dinosaurs63.jpg:[1.0, 1.0, 1.0, 1.0, 1.0]
Beach36.jpg:[0.2, 0.3, 0.3, 0.3, 0.4]
Africa25.jpg:[0.4, 0.8, 1.0, 0.7, 0.8]
Africa45.jpg:[0.4, 0.7, 0.8, 1.0, 0.7]
Elephants67.jpg:[0.4, 0.5, 0.8, 0.7, 0.6]
Buildings68.jpg:[0.4, 0.6, 0.6, 0.6, 0.6]
Dinosaurs70.jpg:[1.0, 1.0, 1.0, 1.0, 1.0]
Buses56.jpg:[0.6, 0.7, 0.9, 0.9, 0.9]
Africa3.jpg:[0.7, 0.8, 1.0, 0.8, 0.9]
Elephants52.jpg:[0.1, 0.1, 0.1, 0.1, 0.1]
Dinosaurs48.jpg:[1.0, 1.0, 1.0, 1.0, 1.0]
Africa89.jpg:[0.9, 1.0, 0.6, 1.0, 0.3]
Buildings18.jpg:[0.3, 0.6, 0.6, 0.5, 0.7]
Mountains97.jpg:[0.1, 0.2, 0.3, 0.3, 0.4]
Buildings25.jpg:[0.5, 0.5, 0.5, 0.5, 0.6]
Dinosaurs91.jpg:[1.0, 1.0, 1.0, 1.0, 1.0]
Africa87.jpg:[0.8, 1.0, 0.4, 0.8, 1.0]
Buildings46.jpg:[0.1, 0.1, 0.1, 0.1, 0.1]
Africa54.jpg:[1.0, 0.9, 1.0, 0.8, 0.9]
Buses73.jpg:[0.7, 0.9, 1.0, 0.7, 1.0]
Food60.jpg:[0.6, 0.9, 0.7, 1.0, 0.6]
Dinosaurs54.jpg:[1.0, 1.0, 1.0, 1.0, 1.0]
Elephants9.jpg:[0.6, 0.7, 0.8, 0.5, 0.6]
Dinosaurs40.jpg:[1.0, 1.0, 1.0, 1.0, 1.0]
Buses8.jpg:[0.4, 0.7, 0.7, 0.9, 0.9]
Flowers88.jpg:[0.8, 0.9, 1.0, 1.0, 1.0]
Food76.jpg:[0.6, 0.8, 0.5, 0.7, 0.7]
Mountains3.jpg:[0.1, 0.2, 0.2, 0.3, 0.3]
Elephants96.jpg:[0.7, 0.8, 0.8, 0.8, 0.8]
Flowers100.jpg:[0.4, 0.8, 1.0, 1.0, 1.0]
Food11.jpg:[0.1, 0.2, 0.3, 0.3, 0.3]
Flowers39.jpg:[0.9, 1.0, 1.0, 1.0, 0.9]
Beach47.jpg:[0.5, 0.8, 0.8, 0.5, 0.7]
Buses25.jpg:[0.2, 0.4, 0.7, 0.6, 0.9]
Dinosaurs86.jpg:[1.0, 1.0, 1.0, 1.0, 1.0]
Buses83.jpg:[0.2, 0.7, 0.8, 0.9, 0.9]
Beach32.jpg:[0.5, 0.5, 0.7, 0.7, 0.7]
Africa77.jpg:[0.8, 0.9, 1.0, 0.6, 0.8]
Buses81.jpg:[0.5, 0.7, 0.9, 1.0, 0.8]
Beach92.jpg:[0.5, 0.5, 0.6, 0.7, 0.6]
Mountains48.jpg:[0.2, 0.5, 0.6, 0.7, 0.6]
Buildings66.jpg:[0.4, 0.5, 0.5, 0.6, 0.5]
Buildings31.jpg:[0.3, 0.4, 0.6, 0.7, 0.5]
Flowers1.jpg:[1.0, 1.0, 1.0, 0.9, 1.0]
Buildings8.jpg:[0.4, 0.4, 0.5, 0.6, 0.6]
Beach81.jpg:[0.2, 0.3, 0.4, 0.4, 0.5]
Food47.jpg:[0.4, 0.6, 0.8, 0.6, 1.0]
Food57.jpg:[0.6, 0.6, 0.9, 0.6, 0.6]
Mountains18.jpg:[0.1, 0.1, 0.1, 0.1, 0.1]
Buses22.jpg:[0.5, 0.6, 0.8, 0.8, 0.9]
Africa55.jpg:[0.8, 0.9, 1.0, 0.9, 1.0]
Flowers21.jpg:[0.2, 0.3, 0.5, 0.6, 0.7]
Horses35.jpg:[0.9, 1.0, 1.0, 0.9, 0.9]
Buildings87.jpg:[0.8, 0.8, 0.9, 0.8, 0.8]
Elephants93.jpg:[0.6, 0.7, 0.8, 0.8, 0.8]
Food15.jpg:[0.5, 0.5, 0.6, 0.7, 0.7]
Beach10.jpg:[0.1, 0.1, 0.1, 0.1, 0.2]
Mountains29.jpg:[0.1, 0.2, 0.3, 0.4, 0.5]
Flowers32.jpg:[0.9, 1.0, 1.0, 0.9, 1.0]
Elephants58.jpg:[0.8, 0.9, 0.8, 0.9, 0.9]
Mountains82.jpg:[0.2, 0.2, 0.3, 0.4, 0.4]
Buses57.jpg:[0.2, 0.4, 0.4, 0.6, 0.7]
Food31.jpg:[0.4, 0.7, 0.7, 0.6, 0.9]
Elephants3.jpg:[0.4, 0.4, 0.8, 0.6, 0.9]
Horses64.jpg:[0.8, 0.9, 1.0, 0.9, 1.0]
Horses29.jpg:[0.4, 0.9, 0.9, 1.0, 0.9]
Beach53.jpg:[0.6, 0.6, 0.6, 0.7, 0.7]
Dinosaurs59.jpg:[1.0, 1.0, 1.0, 1.0, 1.0]
Food64.jpg:[0.7, 0.9, 1.0, 0.5, 0.7]
Flowers87.jpg:[0.2, 0.4, 0.9, 1.0, 1.0]
Food87.jpg:[0.4, 0.5, 0.6, 0.6, 0.6]
Africa19.jpg:[0.8, 0.9, 1.0, 0.7, 0.9]
Food97.jpg:[0.3, 0.5, 0.5, 0.5, 0.5]
Flowers77.jpg:[0.4, 0.4, 0.6, 0.4, 0.5]
Africa94.jpg:[0.8, 0.9, 0.7, 1.0, 0.9]
Mountains65.jpg:[0.1, 0.1, 0.2, 0.2, 0.3]
Elephants62.jpg:[0.5, 0.6, 0.6, 0.6, 0.6]
Beach5.jpg:[0.5, 0.5, 0.6, 0.5, 0.7]
Buses39.jpg:[0.2, 0.5, 1.0, 0.6, 0.9]
Buildings37.jpg:[0.3, 0.4, 0.4, 0.6, 0.6]
Mountains13.jpg:[0.1, 0.3, 0.3, 0.4, 0.4]
Africa86.jpg:[0.3, 0.3, 0.3, 0.4, 0.4]
Flowers79.jpg:[0.7, 0.7, 0.7, 0.7, 0.8]
Horses82.jpg:[1.0, 0.8, 0.9, 1.0, 0.9]
Beach44.jpg:[0.2, 0.3, 0.3, 0.4, 0.5]
Elephants59.jpg:[0.7, 0.7, 0.9, 1.0, 0.9]
Africa57.jpg:[0.9, 1.0, 0.5, 0.8, 0.9]
Dinosaurs69.jpg:[1.0, 1.0, 1.0, 1.0, 1.0]
Buildings30.jpg:[0.7, 0.7, 0.8, 0.9, 0.6]
Elephants27.jpg:[0.7, 1.0, 0.5, 0.7, 0.8]
Horses47.jpg:[0.6, 0.8, 0.8, 1.0, 0.8]
Africa92.jpg:[0.9, 0.9, 1.0, 0.4, 0.6]
Horses38.jpg:[0.7, 0.9, 1.0, 1.0, 0.7]
Buses79.jpg:[0.7, 0.6, 0.8, 0.9, 0.8]
Africa51.jpg:[0.9, 0.9, 0.9, 1.0, 0.6]
Horses60.jpg:[0.9, 1.0, 0.8, 1.0, 0.4]
Horses100.jpg:[0.7, 0.8, 0.6, 0.8, 0.6]
Buses52.jpg:[0.5, 0.8, 0.7, 0.9, 0.5]
Horses17.jpg:[0.4, 0.6, 0.6, 0.9, 0.9]
Horses20.jpg:[0.5, 0.5, 0.5, 0.5, 0.5]
Horses94.jpg:[0.8, 0.8, 0.8, 0.8, 1.0]
Horses99.jpg:[0.9, 1.0, 0.7, 0.9, 0.9]
Buses32.jpg:[0.2, 0.8, 0.9, 1.0, 0.6]
Mountains5.jpg:[0.2, 0.3, 0.5, 0.6, 0.4]
Horses37.jpg:[0.5, 1.0, 0.9, 0.8, 1.0]
Horses66.jpg:[0.9, 0.9, 1.0, 0.8, 0.9]
Buses88.jpg:[0.1, 0.2, 0.4, 0.5, 0.5]
Buses43.jpg:[0.5, 0.7, 0.8, 1.0, 0.8]
Buildings80.jpg:[0.2, 0.6, 0.7, 0.7, 0.8]
Dinosaurs45.jpg:[1.0, 1.0, 1.0, 1.0, 1.0]
Elephants12.jpg:[0.1, 0.1, 0.1, 0.1, 0.2]
Buses21.jpg:[0.8, 1.0, 0.6, 0.9, 0.6]
Dinosaurs33.jpg:[1.0, 1.0, 1.0, 1.0, 1.0]
Africa59.jpg:[0.5, 0.8, 1.0, 0.4, 0.7]
Dinosaurs2.jpg:[1.0, 1.0, 1.0, 1.0, 1.0]
Mountains99.jpg:[0.4, 0.4, 0.4, 0.4, 0.5]
Flowers66.jpg:[0.9, 1.0, 0.9, 1.0, 1.0]
Food89.jpg:[0.5, 0.7, 0.7, 0.6, 0.7]
Dinosaurs82.jpg:[1.0, 1.0, 1.0, 1.0, 1.0]
Buildings92.jpg:[0.6, 0.6, 0.6, 0.7, 0.7]
Africa79.jpg:[0.4, 0.7, 1.0, 0.8, 1.0]
Beach72.jpg:[0.4, 0.4, 0.4, 0.4, 0.4]
Elephants63.jpg:[0.4, 0.4, 0.4, 0.4, 0.4]
Mountains90.jpg:[0.4, 0.5, 0.5, 0.5, 0.5]
Food62.jpg:[0.3, 0.4, 0.4, 0.4, 0.4]
Beach16.jpg:[0.1, 0.1, 0.1, 0.1, 0.1]
Food92.jpg:[0.3, 0.4, 0.8, 0.6, 0.5]
Elephants23.jpg:[0.5, 0.7, 0.8, 0.6, 0.6]
Africa71.jpg:[0.4, 0.5, 0.8, 0.9, 1.0]
Flowers53.jpg:[0.8, 1.0, 1.0, 1.0, 1.0]
